   0.00000000000000000000000000000000000         0.00000000000000000000000000000000000      
   5.26315789473684210526315789473684214E-0002   0.00000000000000000000000000000000000      
  0.105263157894736842105263157894736843         0.00000000000000000000000000000000000      
  0.157894736842105263157894736842105258         0.00000000000000000000000000000000000      
  0.210526315789473684210526315789473685         0.00000000000000000000000000000000000      
  0.263157894736842105263157894736842113         0.00000000000000000000000000000000000      
  0.315789473684210526315789473684210516         0.00000000000000000000000000000000000      
  0.368421052631578947368421052631578968         0.00000000000000000000000000000000000      
  0.421052631578947368421052631578947371         0.00000000000000000000000000000000000      
  0.473684210526315789473684210526315774         0.00000000000000000000000000000000000      
  0.526315789473684210526315789473684226         0.00000000000000000000000000000000000      
  0.578947368421052631578947368421052677         0.00000000000000000000000000000000000      
  0.631578947368421052631578947368421032         0.00000000000000000000000000000000000      
  0.684210526315789473684210526315789484         0.00000000000000000000000000000000000      
  0.736842105263157894736842105263157935         0.00000000000000000000000000000000000      
  0.789473684210526315789473684210526290         0.00000000000000000000000000000000000      
  0.842105263157894736842105263157894742         0.00000000000000000000000000000000000      
  0.894736842105263157894736842105263193         0.00000000000000000000000000000000000      
  0.947368421052631578947368421052631549         0.00000000000000000000000000000000000      
   1.00000000000000000000000000000000000         0.00000000000000000000000000000000000      
   6.77143465731597460102899317931859767E-0002  0.196988032313129897496443872645143591      
  0.108529118536265309526972755220089705        0.186976650420470416408083539542474981      
  0.150860694702149493695013093578409173        0.181268000120724778093054451258760307      
  0.194759084834930767916976567431345888        0.177667611433833624255751032107047878      
  0.239940053200260560056621839870157347        0.175290799284794474808870962998699744      
  0.286099630676754078891850952472218804        0.173698620869623338887300301369554910      
  0.332978767020725653791782204506014763        0.172638225896245525030215967575004019      
  0.380367008721823890707402381529885493        0.171952645286020366966814797167488428      
  0.428092496018225186567331227976541765        0.171543371595318731880719723266543723      
  0.476010051523204899572676824044688668        0.171352260678028099311253983909904043      
  0.523989948476795100427323175955312824        0.171352260678028099311253983909904212      
  0.571907503981774813432668772023459728        0.171543371595318731880719723266544205      
  0.619632991278176109292597618470115807        0.171952645286020366966814797167489246      
  0.667021232979274346208217795493986392        0.172638225896245525030215967575005102      
  0.713900369323245921108149047527782207        0.173698620869623338887300301369556258      
  0.760059946799739439943378160129843423        0.175290799284794474808870962998701406      
  0.805240915165069232083023432568654401        0.177667611433833624255751032107049780      
  0.849139305297850506304986906421590755        0.181268000120724778093054451258762498      
  0.891470881463734690473027244779909706        0.186976650420470416408083539542477268      
  0.932285653426840253989710068206812928        0.196988032313129897496443872645146239      
   9.43101257095276235427498563442205170E-0002  0.377508917466647640970431199516214161      
  0.134992469783133015324865463008606188        0.369864318536107941581456650659323473      
  0.175892180510230727503781263822542721        0.363979947904463705605153830198293624      
  0.217393049774230103498815557544797506        0.359519513125264670103181051193285631      
  0.259571758092835499852319255162070033        0.356176454046331458356815462263228288      
  0.302383451592311294001725818650630514        0.353707335037632469578377599239313510      
  0.345733293194289490272839240918250392        0.351927257540528085577805495159625083      
  0.389506822709329039363167503426640742        0.350700461164118332947567685649245291      
  0.433583272878595285388722805567477113        0.349932164097483150556195563508405044      
  0.477840994291465002079933671829194310        0.349562491470417867620849515339460730      
  0.522159005708534997920066328170807472        0.349562491470417867620849515339461019      
  0.566416727121404714611277194432524813        0.349932164097483150556195563508406103      
  0.610493177290670960636832496573360943        0.350700461164118332947567685649247073      
  0.654266706805710509727160759081751149        0.351927257540528085577805495159627635      
  0.697616548407688705998274181349370545        0.353707335037632469578377599239316495      
  0.740428241907164500147680744837930593        0.356176454046331458356815462263231900      
  0.782606950225769896501184442455202686        0.359519513125264670103181051193289675      
  0.824107819489769272496218736177456941        0.363979947904463705605153830198298247      
  0.865007530216866984675134536991392729        0.369864318536107941581456650659328480      
  0.905689874290472376457250143655778063        0.377508917466647640970431199516219313      
  0.105406201778634283363173245128248323        0.554482952016117943582275657824680753      
  0.146848754152433144975367320388352893        0.550383477890764749974604516941639230      
  0.187948627012504263838321420266330117        0.546238155639338720262991077121935672      
  0.228998651704202157641974763863212949        0.542504137445885196656125838579365114      
  0.270169673200141617441719565901888842        0.539345507866007367595329737330312213      
  0.311542715605961030305642337915008191        0.536792693696019091321725635381194455      
  0.353138092908189439485508039135574879        0.534821548558677908092306373867539147      
  0.394936701099203200998572345344170905        0.533391264845230441881566972525258954      
  0.436894684977631690670824232008407784        0.532462466921869551646013940149006554      
  0.478953431329049400191983756047679410        0.532005787778792354478698478782797430      
  0.521046568670950599808016243952321986        0.532005787778792354478698478782798008      
  0.563105315022368309329175767991593516        0.532462466921869551646013940149008384      
  0.605063298900796799001427654655830298        0.533391264845230441881566972525261939      
  0.646861907091810560514491960864426084        0.534821548558677908092306373867542999      
  0.688457284394038969694357662084992435        0.536792693696019091321725635381199269      
  0.729830326799858382558280434098111302        0.539345507866007367595329737330317991      
  0.771001348295797842358025236136786858        0.542504137445885196656125838579371373      
  0.812051372987495736161678579733669209        0.546238155639338720262991077121942798      
  0.853151245847566855024632679611646048        0.550383477890764749974604516941646644      
  0.894593798221365716636826754871749679        0.554482952016117943582275657824689035      
  0.111043618367166895697590204426062371        0.732782424881543435956053478582598883      
  0.152430095006663751653258984655896419        0.730596159481998937568953695828739852      
  0.193545679533172598955834982203047581        0.728032256484017441397359969759259915      
  0.234470149454408384807711669004763284        0.725420723542211811519427762740115741      
  0.275293350881543547013470670372068414        0.722988509941445249319643264774022189      
  0.316086453222007642040982440651667598        0.720870712600673905722181889289040246      
  0.356894844466329942500117507566436148        0.719139507371346635837324094411287048      
  0.397740033948298884345080734873084796        0.717829020532663791341835576535647026      
  0.438624644674628440499263226318604749        0.716952695004568331180187102090948386      
  0.479538064708315496464536069806656228        0.716514306743163040986834820032459608      
  0.520461935291684503535463930193343627        0.716514306743163040986834820032460379      
  0.561375355325371559500736773681395106        0.716952695004568331180187102090950697      
  0.602259966051701115654919265126914627        0.717829020532663791341835576535650878      
  0.643105155533670057499882492433563274        0.719139507371346635837324094411292345      
  0.683913546777992357959017559348331535        0.720870712600673905722181889289046409      
  0.724706649118456452986529329627930286        0.722988509941445249319643264774030278      
  0.765529850545591615192288330995235271        0.725420723542211811519427762740124889      
  0.806454320466827401044165017796949915        0.728032256484017441397359969759269930      
  0.847569904993336248346741015344100379        0.730596159481998937568953695828750926      
  0.888956381632833104302409795573933813        0.732782424881543435956053478582611016      
  0.113692434101007359593863807656454700        0.912612481559916842818492569760546971      
  0.154880321827901880512622652979259544        0.911511335393494487859960071300020644      
  0.195887056647719529433652773592637433        0.910023708687377270345775933749726928      
  0.236719250779384226028258313740248076        0.908356830724265175873621259586083073      
  0.277405999352899961888837898077575483        0.906685387871445758248019068536279576      
  0.317983997504351281431199931988026006        0.905142695067433161321175651522531128      
  0.358487729306915210611587962491345488        0.903823197617691905369554093214820374      
  0.398944914576685468124592940485939361        0.902789929278060078809316730471458653      
  0.439375563579987116711796782374432471        0.902082506389525190031568469649117100      
  0.479793143301222574564727406517682370        0.901723661144852011794520613607405152      
  0.520206856698777425435272593482314597        0.901723661144852011794520613607406308      
  0.560624436420012883288203217625564544        0.902082506389525190031568469649120182      
  0.601055085423314531875407059514057461        0.902789929278060078809316730471463950      
  0.641512270693084789388412037508651334        0.903823197617691905369554093214826923      
  0.682016002495648718568800068011970383        0.905142695067433161321175651522539314      
  0.722594000647100038111162101922420809        0.906685387871445758248019068536289687      
  0.763280749220615773971741686259747253        0.908356830724265175873621259586095014      
  0.804112943352280470566347226407357584        0.910023708687377270345775933749740410      
  0.845119678172098119487377347020734606        0.911511335393494487859960071300034992      
  0.886307565898992640406136192343538920        0.912612481559916842818492569760562860      
  0.114686889143883414171404300956916444         1.09372869098465710603342474639225561      
  0.155699247400923508339931716951771160         1.09324237022923755285947965883690393      
  0.196594967294228396046844333761714650         1.09243625571045457877826114157175047      
  0.237358942455931994255136460332497026         1.09144176205405964763277872086889375      
  0.277993758365799816219222264914636892         1.09037896833392696506744292678851936      
  0.318513665088513834408340002741529566         1.08935037436702376064617162661444979      
  0.358938972901776498045096431721661300         1.08843811197883033166580953058268043      
  0.399292005247949703784536095421293285         1.08770414018110849571354194281498329      
  0.439594785359362873660315447418936521         1.08719207252697048761159551471591241      
  0.479868149932485437570632233518498394         1.08692941577519232076883979961381307      
  0.520131850067514562429367766481494961         1.08692941577519232076883979961381423      
  0.560405214640637126339684552581056738         1.08719207252697048761159551471591626      
  0.600707994752050296215463904578699493         1.08770414018110849571354194281498926      
  0.641061027098223501954903568278331478         1.08843811197883033166580953058268890      
  0.681486334911486165591659997258463453         1.08935037436702376064617162661446057      
  0.722006241634200183780777735085355693         1.09037896833392696506744292678853207      
  0.762641057544068005744863539667494716         1.09144176205405964763277872086890858      
  0.803405032705771603953155666238276707         1.09243625571045457877826114157176723      
  0.844300752599076491660068283048219138         1.09324237022923755285947965883692242      
  0.885313110856116585828595699043072891         1.09372869098465710603342474639227622      
  0.114874151700346332071607964843173077         1.27581858104556322752034084931709406      
  0.155753773374771807088122698678593221         1.27565440654389223430318667544892993      
  0.196562746684446396430494611649835534         1.27525546757254447576644693929620591      
  0.237281083499880775521595139069085314         1.27470140896304002258578956891979011      
  0.277901722038176769799700032610134936         1.27406979638763039121816865137807473      
  0.318427829827327910332493671490098644         1.27343148316955823129873735939183927      
  0.358869949298108898312964792664269139         1.27284737683104861014354157057341508      
  0.399243446882618579950508012661685994         1.27236663033242467154658388571426347      
  0.439566538750869697783020578605930997         1.27202595458303161832257518414850212      
  0.479858943431729149716880241694316336         1.27184960181868575120113909715446110      
  0.520141056568270850283119758305671771         1.27184960181868575120113909715446283      
  0.560433461249130302216979421394057495         1.27202595458303161832257518414850655      
  0.600756553117381420049491987338302065         1.27236663033242467154658388571427098      
  0.641130050701891101687035207335718920         1.27284737683104861014354157057342528      
  0.681572170172672089667506328509889704         1.27343148316955823129873735939185179      
  0.722098277961823230200299967389852931         1.27406979638763039121816865137808994      
  0.762718916500119224478404860930902023         1.27470140896304002258578956891980783      
  0.803437253315553603569505388350150936         1.27525546757254447576644693929622613      
  0.844246226625228192911877301321393249         1.27565440654389223430318667544895362      
  0.885125848299653667928392035156812695         1.27581858104556322752034084931711987      
  0.114727231757844856937529952404186978         1.45858009365411288562348771490235238      
  0.155514917299130463756433100253306005         1.45856686487535369344675189418761573      
  0.196262623985624207155306742778636610         1.45839557884104239793990636978943312      
  0.236952314813483281803907117358756732         1.45811150492462790825834586432240701      
  0.277574807935957164709230104003892685         1.45776178007076945344011584727318076      
  0.318128643002410498921641116569869949         1.45739191235116232699429230558193092      
  0.358618681861785362912322455644598104         1.45704300696022397157040037374458757      
  0.399054643329557580555599573633203570         1.45674973281804045981203322047201714      
  0.439449731545441578502163319582565038         1.45653896536915338285311975322792507      
  0.479819442638176464794965446219145439         1.45642897020806384236207687792418996      
  0.520180557361823535205034553780836024         1.45642897020806384236207687792419169      
  0.560550268454558421497836680417417629         1.45653896536915338285311975322792988      
  0.600945356670442419444400426366778278         1.45674973281804045981203322047202504      
  0.641381318138214637087677544355384033         1.45704300696022397157040037374459816      
  0.681871356997589501078358883430111466         1.45739191235116232699429230558194498      
  0.722425192064042835290769895996089308         1.45776178007076945344011584727319809      
  0.763047685186516718196092882641224298         1.45811150492462790825834586432242762      
  0.803737376014375792844693257221344131         1.45839557884104239793990636978945738      
  0.844485082700869536243566899746673845         1.45856686487535369344675189418764347      
  0.885272768242155143062470047595792414         1.45858009365411288562348771490238319      
  0.114484656206738262060848158141314276         1.64177155750362582432046085056488154      
  0.155213192643880636065383516196601513         1.64181686473161748236662227149756132      
  0.195920794699928782373541281178584618         1.64176301235006922286042295268051944      
  0.236593617635287207995795131461320869         1.64163388141407464090645291165697638      
  0.277223487938362835709087163364903071         1.64145632391789823497481839895985284      
  0.317807557014905484557036424042766200         1.64125770862398582860044676052802721      
  0.358347676329088185297785213727417854         1.64106382216668917078158816655945912      
  0.398849601260342391679601310727291198         1.64089716721853565896556084125525975      
  0.439322115257982230543452197886868116         1.64077566504871373259639132407015650      
  0.479776139361788567186939861645827151         1.64071173913388826546296115381600851      
  0.520223860638211432813060138354147571         1.64071173913388826546296115381601005      
  0.560677884742017769456547802113106510         1.64077566504871373259639132407016227      
  0.601150398739657608320398689272683573         1.64089716721853565896556084125526880      
  0.641652323670911814702214786272556627         1.64106382216668917078158816655947106      
  0.682192442985094515442963575957208233         1.64125770862398582860044676052804320      
  0.722776512061637164290912836635071748         1.64145632391789823497481839895987287      
  0.763406382364712792004204868538652722         1.64163388141407464090645291165699930      
  0.804079205300071217626458718821387745         1.64176301235006922286042295268054679      
  0.844786807356119363934616483803370705         1.64181686473161748236662227149759214      
  0.885515343793261737939151841858658255         1.64177155750362582432046085056491582      
  0.114253103176130540864470786084358113         1.82522066888708364794176840942983325      
  0.154946046893288780615715397416328107         1.82527902365646063654712400542196665      
  0.195629137210369209673112363381152918         1.82527917835381866493018075844780309      
  0.236292752692486933814169795049207017         1.82523251524071113344031351366297641      
  0.276930682529323243834301372464605860         1.82515321476769332649939252283144662      
  0.317540135159602740221008476205622255         1.82505664985845740729361810723865408      
  0.358121511016532791444033631815028050         1.82495793318281771818270968421438605      
  0.398677998215906699857853877854883107         1.82487066938541442713127433706147121      
  0.439215045342138898030649097643034235         1.82480594440983397249322933309055775      
  0.479739756619660174112272413802603670         1.82477156723350676220922579127738285      
  0.520260243380339825887727586197362145         1.82477156723350676220922579127738478      
  0.560784954657861101969350902356932254         1.82480594440983397249322933309056333      
  0.601322001784093300142146122145082756         1.82487066938541442713127433706148084      
  0.641878488983467208555966368184937668         1.82495793318281771818270968421439972      
  0.682459864840397259778991523794342934         1.82505664985845740729361810723867180      
  0.723069317470676756165698627535358318         1.82515321476769332649939252283146819      
  0.763707247307513066185830204950757305         1.82523251524071113344031351366300221      
  0.804370862789630790326887636618811019         1.82527917835381866493018075844783313      
  0.845053953106711219384284602583635252         1.82527902365646063654712400542200132      
  0.885746896823869459135529213915603537         1.82522066888708364794176840942987177      
  0.114070131146962672026185366946929976         2.00881393328615502844884031958074077      
  0.154743081415034267725064258665981601         2.00886592965000646117226905484141123      
  0.195412187193784080944735824049721009         2.00888615755718676125485478579325957      
  0.236071247815043560042283828102868877         2.00887917472844326487546505945216322      
  0.276715983757076267438344506382022891         2.00885173217003420191102847287873404      
  0.317344172816644988317839262202921580         2.00881178723672966274009000937827428      
  0.357955610210377749545145490239493467         2.00876756763474384133410427784769969      
  0.398551923260316557336319514828506008         2.00872673332927186698094750507769657      
  0.439136272275560086927495132130608379         2.00869567183460979508511281626224268      
  0.479712967872336343452283822652112110         2.00867895192288516083692251844438513      
  0.520287032127663656547716177347844557         2.00867895192288516083692251844438667      
  0.560863727724439913072504867869348480         2.00869567183460979508511281626224923      
  0.601448076739683442663680485171449647         2.00872673332927186698094750507770851      
  0.642044389789622250454854509760461225         2.00876756763474384133410427784771587      
  0.682655827183355011682160737797033064         2.00881178723672966274009000937829470      
  0.723284016242923732561655493617930598         2.00885173217003420191102847287875831      
  0.763928752184956439957716171897085503         2.00887917472844326487546505945219211      
  0.804587812806215919055264175950232961         2.00888615755718676125485478579329231      
  0.845256918584965732274935741333970491         2.00886592965000646117226905484144936      
  0.885929868853037327973814633053021948         2.00881393328615502844884031958078352      
  0.113940409014604201010995059429408027         2.19248143024929411835238824098164313      
  0.154603014039235156656020538714817287         2.19252106682968277165282315525309887      
  0.195264749009335863101199159621731152         2.19254488713642270538857768436876847      
  0.235921878416741237009746633110124725         2.19255403475169132066301269813961983      
  0.276571666948912876983315377889616016         2.19255119966579387524283662637258718      
  0.317212535984692728182393486164428127         2.19254004911274929299777643696745771      
  0.357844099433004505808078429558830949         2.19252466264083426168268397158355750      
  0.398467093732243970128309828459402744         2.19250900782001712563300647837722327      
  0.439083219798034077136803762249383181         2.19249648650317838572550280985180073      
  0.479694916249669960847789846074160874         2.19248957497892219879278790100415444      
  0.520305083750330039152210153925785055         2.19248957497892219879278790100415675      
  0.560916780201965922863196237750562556         2.19249648650317838572550280985180921      
  0.601532906267756029871690171540543233         2.19250900782001712563300647837723675      
  0.642155900566995494191921570441114932         2.19252466264083426168268397158357484      
  0.682787464015307271817606513835517369         2.19254004911274929299777643696748044      
  0.723428333051087123016684622110328806         2.19255119966579387524283662637261453      
  0.764078121583258762990253366889818461         2.19255403475169132066301269813965296      
  0.804735250990664136898800840378211985         2.19254488713642270538857768436880506      
  0.845396985960764843343979461285125658         2.19252106682968277165282315525314124      
  0.886059590985395798989004940570533256         2.19248143024929411835238824098168974      
  0.113855456439783703103169216573887237         2.37618285284016824661711141607332160      
  0.154513298573487256838405034229779731         2.37621026737004576380494125059585699      
  0.195171545858206598291586713631132268         2.37623085129372205296015427850727809      
  0.235828099005863278879719645138942300         2.37624425660047204489098464478847270      
  0.276481324515798651713883949784673308         2.37625114368406302611040991268025282      
  0.317130188425453833257239733471652811         2.37625287648426833503139537466775190      
  0.357774312910439222403065283157342133         2.37625120392625740420959278835405773      
  0.398413962032120611839309374175052948         2.37624795329335323181449150591762821      
  0.439049966101130850411051696933144350         2.37624475764101581954212196053939397      
  0.479683596406805594796716532418259955         2.37624283531934885359975600759443396      
  0.520316403593194405203283467581675382         2.37624283531934885359975600759443743      
  0.560950033898869149588948303066790024         2.37624475764101581954212196053940245      
  0.601586037967879388160690625824881281         2.37624795329335323181449150591764285      
  0.642225687089560777596934716842591856         2.37625120392625740420959278835407815      
  0.682869811574546166742760266528280744         2.37625287648426833503139537466777771      
  0.723518675484201348286116050215260537         2.37625114368406302611040991268028363      
  0.764171900994136721120280354860990075         2.37624425660047204489098464478850775      
  0.804828454141793401708413286368798832         2.37623085129372205296015427850731815      
  0.845486701426512743161594965770151971         2.37621026737004576380494125059590167      
  0.886144543560216296896830783426043863         2.37618285284016824661711141607337129      
  0.113803516697164417987206973234482784         2.55989665814261144224310832445481510      
  0.154459592120789790779133765096526814         2.55991424900668141770267305827506346      
  0.195116470296332674951170522065165755         2.55992967257872804204158659430270088      
  0.235773065182686340049867440137011104         2.55994209146771981609801816905610602      
  0.276428468072144872591499190720276738         2.55995128250041889084225395848906896      
  0.317082047124987712170768208109766570         2.55995748878363916827449410766734936      
  0.357733500673197926992213194488696586         2.55996125405752194181469208417876620      
  0.398382866278910985148943683902778278         2.55996325609776616183733666406367238      
  0.439030490182264600589872478727977293         2.55996415412997571897362054238436221      
  0.479676963876276710707743923302836074         2.55996446285077252518279906025436993      
  0.520323036123723289292256076697087755         2.55996446285077252518279906025437417      
  0.560969509817735399410127521271944803         2.55996415412997571897362054238437223      
  0.601617133721089014851056316097144733         2.55996325609776616183733666406368856      
  0.642266499326802073007786805511226184         2.55996125405752194181469208417878738      
  0.682917952875012287829231791890156152         2.55995748878363916827449410766737710      
  0.723571531927855127408500809279645984         2.55995128250041889084225395848910170      
  0.764226934817313659950132559862910198         2.55994209146771981609801816905614377      
  0.804883529703667325048829477934756774         2.55992967257872804204158659430274248      
  0.845540407879210209220866234903394199         2.55991424900668141770267305827510891      
  0.886196483302835582012793026765437795         2.55989665814261144224310832445486633      
  0.113773866632218072834353716618587673         2.74361243305376397581501087250018443      
  0.154429632200769505306359912799253750         2.74362298105715756563709560388864284      
  0.195086194648825150013771637419543746         2.74363351773737732626979396934015482      
  0.235743054378156615554510678193228500         2.74364318387527362153363517906615397      
  0.276399747549982711018157554493322901         2.74365146953098958746339770196652120      
  0.317055913742967288061244236322226618         2.74365815301621303201465600717938381      
  0.357711337752854491175879903724167271         2.74366322406303809252174268026782693      
  0.398365965548838284712661263761074768         2.74366680143517330257035750381390538      
  0.439019896353993595719194447602964589         2.74366905441377666104325366431097848      
  0.479673354445982492361993766201517523         2.74367013628800951347796128009747828      
  0.520326645554017507638006233798392536         2.74367013628800951347796128009748213      
  0.560980103646006404280805552396945181         2.74366905441377666104325366431098926      
  0.601634034451161715287338736238835869         2.74366680143517330257035750381392079      
  0.642288662247145508824120096275743896         2.74366322406303809252174268026784850      
  0.682944086257032711938755763677683875         2.74365815301621303201465600717941077      
  0.723600252450017288981842445506586870         2.74365146953098958746339770196655471      
  0.764256945621843384445489321806681150         2.74364318387527362153363517906619287      
  0.804913805351174849986228362580366361         2.74363351773737732626979396934019911      
  0.845570367799230494693640087200655322         2.74362298105715756563709560388869330      
  0.886226133367781927165646283381320219         2.74361243305376397581501087250024066      
  0.113758226593147513796684121300202751         2.92732591427783296164871436235725398      
  0.154414285392867249737894089018958254         2.92733180906282993408348933769855899      
  0.195070985819824586105354284867341028         2.92733849934091835513128359700594460      
  0.235728142925004638417034188006341779         2.92734528263056885486559090243415211      
  0.276385547863335889972412180779680292         2.92735163983278320952687405280032525      
  0.317043010673487122177129481929620540         2.92735721835232594895325571106175941      
  0.357700389753780855545539866751178710         2.92736180315382071802801387638125165      
  0.398357607315182364857794756021416046         2.92736528160538234254228714895338388      
  0.439014651411990918543223767924904381         2.92736760767084499481285917989253010      
  0.479671566289757751917658822110027535         2.92736877035569865803147732502928081      
  0.520328433710242248082341177889870535         2.92736877035569865803147732502928389      
  0.560985348588009081456776232074993448         2.92736760767084499481285917989253819      
  0.601642392684817635142205243978482506         2.92736528160538234254228714895339852      
  0.642299610246219144454460133248718445         2.92736180315382071802801387638127322      
  0.682956989326512877822870518070277482         2.92735721835232594895325571106178675      
  0.723614452136664110027587819220217056         2.92735163983278320952687405280035915      
  0.764271857074995361582965811993556027         2.92734528263056885486559090243419178      
  0.804929014180175413894645715132554972         2.92733849934091835513128359700599082      
  0.845585714607132750262105910980937193         2.92733180906282993408348933769861138      
  0.886241773406852486203315878699691828         2.92732591427783296164871436235731253      
  0.113750817831432840037050828667907890         3.11103595085569069816978078472018083      
  0.154407338744495589945611583287271205         3.11103897748761166876264077410194875      
  0.195064320052833342981681798699436067         3.11104294839394096583751092104765108      
  0.235721729634521404544252624982861929         3.11104735430694547640636918527054402      
  0.276379493830582621752193897903102555         3.11105177223095328121761609282741217      
  0.317037522730337375957429694958032130         3.11105586829214102109660671291759270      
  0.357695729388502139355003982433792756         3.11105939222839747551307517009299783      
  0.398354042119515738754432213529337027         3.11106216660972428247863199594043817      
  0.439012409845382821046531388093923379         3.11106407383962781814351020881262811      
  0.479670801210875423753952634054169263         3.11106504369942933292803939640924082      
  0.520329198789124576246047365945715663         3.11106504369942933292803939640924390      
  0.560987590154617178953468611905961402         3.11106407383962781814351020881263696      
  0.601645957880484261245567786470546840         3.11106216660972428247863199594045396      
  0.642304270611497860644996017566090003         3.11105939222839747551307517009302133      
  0.682962477269662624042570305041851495         3.11105586829214102109660671291762352      
  0.723620506169417378247806102096780060         3.11105177223095328121761609282744876      
  0.764278270365478595455747375017020180         3.11104735430694547640636918527058793      
  0.804935679947166657018318201300445537         3.11104294839394096583751092104770231      
  0.845592661255504410054388416712609676         3.11103897748761166876264077410200691      
  0.886249182168567159962949171331972173         3.11103595085569069816978078472024746      
  0.113747903867029494324322350650268308         3.29474277340606127436872946697974355      
  0.154404861477556810519170356884372355         3.29474414892788867790719368265251705      
  0.195062123254887124518615843624089598         3.29474634373425235397831665757414193      
  0.235719720171651286322400089169658844         3.29474901818286277194180805754348143      
  0.276377643097421667844659573546790138         3.29475186610445821979491968775508562      
  0.317035856697685904426969518261196254         3.29475462448393635455139606025078464      
  0.357694311129839882371009015676480317         3.29475707776366180132179772860789207      
  0.398352950794777491090795913394592645         3.29475905823632094395890307052428592      
  0.439011719891255003702521622184773080         3.29476044405662250787356341372585347      
  0.479670564966543624078027528266787347         3.29476115630503526029215043275947618      
  0.520329435033456375921972471733083375         3.29476115630503526029215043275948042      
  0.560988280108744996297478377815096534         3.29476044405662250787356341372586464      
  0.601647049205222508909204086605276006         3.29475905823632094395890307052430518      
  0.642305688870160117628990984323388286         3.29475707776366180132179772860791903      
  0.682964143302314095573030481738671049         3.29475462448393635455139606025081815      
  0.723622356902578332155340426453078225         3.29475186610445821979491968775512491      
  0.764280279828348713677599910830207545         3.29474901818286277194180805754352842      
  0.804937876745112875481384156375776020         3.29474634373425235397831665757419816      
  0.845595138522443189480829643115490398         3.29474414892788867790719368265257945      
  0.886252096132970505675677649349594120         3.29474277340606127436872946697981481      
  0.113747226978023529514935236903866337         3.47844708285762414625689665487356966      
  0.154404528419514740365382383866936759         3.47844757921050847798934541565038505      
  0.195062016977014820238254501921514758         3.47844869208613604723787475422086129      
  0.235719741125148603406885684377384596         3.47845020993792009989695752745756900      
  0.276377717520409367186177901731897550         3.47845192858656576658137359868983817      
  0.317035937972286337395166345710849288         3.47845366160440711844429347748919935      
  0.357694376081971247380870440526288154         3.47845524746191409089051044591520653      
  0.398352992989391438610808911717905028         3.47845655402012924734904515231772323      
  0.439011741935746589104825604842980230         3.47845748103906596155242562314171576      
  0.479670571601478228073737088450049914         3.47845796136422010703098857371712721      
  0.520329428398521771926262911549802175         3.47845796136422010703098857371713183      
  0.560988258064253410895174395156872437         3.47845748103906596155242562314172809      
  0.601647007010608561389191088281946290         3.47845655402012924734904515231774403      
  0.642305623918028752619129559473563020         3.47845524746191409089051044591523504      
  0.682964062027713662604833654289002030         3.47845366160440711844429347748923671      
  0.723622282479590632813822098267951505         3.47845192858656576658137359868988323      
  0.764280258874851396593114315622464363         3.47845020993792009989695752745762293      
  0.804937983022985179761745498078333768         3.47844869208613604723787475422092138      
  0.845595471580485259634617616132909744         3.47844757921050847798934541565045284      
  0.886252773021976470485064763095979818         3.47844708285762414625689665487364401      
  0.113747513332857357911741011116195870         3.66214961986023342293611622281938957      
  0.154405058578712121385297917986342190         3.66214969558249037172178420156608941      
  0.195062710794682866225614882465457424         3.66215019532473943748232628978980833      
  0.235720515636616560129897467116028864         3.66215099534569871030932458095571136      
  0.276378496176213968885304816707949342         3.66215196819101703967707856846844712      
  0.317036655934560026013896440621413583         3.66215299133342856757008899595312269      
  0.357694982361863649828949034273130668         3.66215395399696164918710853560873852      
  0.398353450368953462279665760352107189         3.66215476231719853346298891399101050      
  0.439012025649995693747049639835408880         3.66215534305894249680330323724811525      
  0.479670667671908030184116660026649896         3.66215564613301383144708130901226738      
  0.520329332328091969815883339973183655         3.66215564613301383144708130901227277      
  0.560987974350004306252950360164425394         3.66215534305894249680330323724812796      
  0.601646549631046537720334239647725977         3.66215476231719853346298891399103245      
  0.642305017638136350171050965726702883         3.66215395399696164918710853560877088      
  0.682963344065439973986103559378418958         3.66215299133342856757008899595316352      
  0.723621503823786031114695183291882235         3.66215196819101703967707856846849643      
  0.764279484363383439870102532883802762         3.66215099534569871030932458095576914      
  0.804937289205317133774385117534373239         3.66215019532473943748232628978987266      
  0.845594941421287878614702082013488593         3.66214969558249037172178420156615990      
  0.886252486667142642088258988883634479         3.66214961986023342293611622281946892      
  0.113748098222604482515070420083934087         3.84585099643125058705198482615804716      
  0.154405803875985773628745782197176580         3.84585090648676947025338003107675865      
  0.195063565352425781884540405601426604         3.84585108889123302655723554146879683      
  0.235721418605154488374903165683210464         3.84585147568583361839188251324216222      
  0.276379384721507934890616445658518823         3.84585199193858017396438467430447556      
  0.317037470915239031216308701577314343         3.84585256197190676166395623542087867      
  0.357695672202580767880298463594789529         3.84585311470158683658662493637125613      
  0.398353973472462904641048620020800572         3.84585358805774359504870908455861985      
  0.439012351734863047176344259372898361         3.84585393248284585724897880346854995      
  0.479670778409837767671893440515634543         3.84585411352063776234646056220952344      
  0.520329221590162232328106559484179316         3.84585411352063776234646056220952960      
  0.560987648265136952823655740626914824         3.84585393248284585724897880346856574      
  0.601646026527537095358951379979012516         3.84585358805774359504870908455864527      
  0.642304327797419232119701536405023752         3.84585311470158683658662493637128849      
  0.682962529084760968783691298422498649         3.84585256197190676166395623542092143      
  0.723620615278492065109383554341293785         3.84585199193858017396438467430452640      
  0.764278581394845511625096834316601806         3.84585147568583361839188251324222115      
  0.804936434647574218115459594398386244         3.84585108889123302655723554146886346      
  0.845594196124014226371254217802636388         3.84585090648676947025338003107683261      
  0.886251901777395517484929579915878568         3.84585099643125058705198482615812882      
  0.113748667437206086798828076805641926         4.02955165851367627444957699503989659      
  0.154406472097483107155885680371840172         4.02955153484799746953834458393416968      
  0.195064302177575355609108836796206784         4.02955157531763267183489813457388027      
  0.235722183533380835575640999441170481         4.02955174543091545779278362014867988      
  0.276380132546797519665944366007192034         4.02955200401154368534686470494268810      
  0.317038156314223558412295196771945164         4.02955230702156774980954959914308162      
  0.357696253477805974531280087710275808         4.02955261123679007972377580948609475      
  0.398354415456196232016297559204482265         4.02955287761457200053042880502624891      
  0.439012627908535905980200135030977292         4.02955307418445970679382565914975535      
  0.479670872324489360282877173987525782         4.02955317832403473246918906188879343      
  0.520329127675510639717122826012267758         4.02955317832403473246918906188879883      
  0.560987372091464094019799864968817355         4.02955307418445970679382565914977076      
  0.601645584543803767983702440795311468         4.02955287761457200053042880502627356      
  0.642303746522194025468719912289517347         4.02955261123679007972377580948612711      
  0.682961843685776441587704803227849532         4.02955230702156774980954959914312399      
  0.723619867453202480334055633992601554         4.02955200401154368534686470494273741      
  0.764277816466619164424359000558623565         4.02955174543091545779278362014873689      
  0.804935697822424644390891163203587671         4.02955157531763267183489813457394421      
  0.845593527902516892844114319627955222         4.02955153484799746953834458393424364      
  0.886251332562793913201171923194153516         4.02955165851367627444957699503997902      
  0.113749091066209688209244172247181965         4.21325190658698135185667117861787839      
  0.154406952451327586134662777236270248         4.21325181147047850733504478869617986      
  0.195064823350134868378693578674453910         4.21325180632371233064296629139359011      
  0.235722721588624268416618474008078329         4.21325187731638703548002748597492372      
  0.276380658592892370440304454380537494         4.21325200472779044089237336568172127      
  0.317038639713963075709752958554091150         4.21325216477779135885524355858026327      
  0.357696664854265669202867551026838330         4.21325233212252862451803509370662845      
  0.398354729265767066260758954865116436         4.21325248253536554173420761974123912      
  0.439012824467586060677478887629185731         4.21325259539918219251186994414403583      
  0.479670939251462779932054365592413745         4.21325265575674963121496192622470945      
  0.520329060748537220067945634407360248         4.21325265575674963121496192622471562      
  0.560987175532413939322521112370590187         4.21325259539918219251186994414405278      
  0.601645270734232933739241045134657171         4.21325248253536554173420761974126455      
  0.642303335145734330797132448972935470         4.21325233212252862451803509370666234      
  0.682961360286036924290247041445682409         4.21325216477779135885524355858030641      
  0.723619341407107629559695545619236787         4.21325200472779044089237336568176980      
  0.764277278411375731583381525991694989         4.21325187731638703548002748597498072      
  0.804935176649865131621306421325320901         4.21325180632371233064296629139365405      
  0.845593047548672413865337222763505189         4.21325181147047850733504478869625381      
  0.886250908933790311790755827752591835         4.21325190658698135185667117861796005      
  0.113749324531778257490048724546512625         4.39695193848401424372522684570975509      
  0.154407214749395800923077246479111624         4.39695189366472682355284414038642672      
  0.195065108605575899269474200859891938         4.39695188683878196050970930492667100      
  0.235723018055655369871645356575673261         4.39695192073045615067716206623011178      
  0.276380950457457250445483479083154791         4.39695199010681810804007524818584707      
  0.317038909441257040181757893644129917         4.39695208337568857341286095794317225      
  0.357696895341577951503799449784732425         4.39695218524008758012139515956522689      
  0.398354905570892403984392902483229562         4.39695227949377907030334040793135172      
  0.439012935079786477531816005877285736         4.39695235155132984097064336807458477      
  0.479670976942692784500723030424451573         4.39695239049310753491091659656828496      
  0.520329023057307215499276969575303064         4.39695239049310753491091659656829113      
  0.560987064920213522468183994122468756         4.39695235155132984097064336807460172      
  0.601645094429107596015607097516524641         4.39695227949377907030334040793137946      
  0.642303104658422048496200550215022693         4.39695218524008758012139515956526233      
  0.682961090558742959818242106355625586         4.39695208337568857341286095794321385      
  0.723619049542542749554516520916601290         4.39695199010681810804007524818589484      
  0.764276981944344630128354643424082771         4.39695192073045615067716206623016571      
  0.804934891394424100730525799139863277         4.39695188683878196050970930492673340      
  0.845592785250604199076922753520643975         4.39695189366472682355284414038649991      
  0.886250675468221742509951275453244082         4.39695193848401424372522684570983829      
  0.113749369839253272817951491411456928         4.58065189330799525323766213314144134      
  0.154407272589825026366405006031914890         4.58065189027611722254851795336688469      
  0.195065173726975478458809500495193955         4.58065189006660443569363872125391801      
  0.235723083017573747371117914878533693         4.58065191149914765464507061119340026      
  0.276381008826028243898251725536543296         4.58065195788281904276203306829279483      
  0.317038957218545772525012308102686924         4.58065202341844048895879889861358568      
  0.357696931059340474072129310122577253         4.58065209736180518256219924535286202      
  0.398354929611715861308134756942836679         4.58065216722381093462895272236198809      
  0.439012948696347701460591965501109486         4.58065222132892781923081774248727171      
  0.479670981323698317262158609999566607         4.58065225077628205088985727698310852      
  0.520329018676301682737841390000166556         4.58065225077628205088985727698311468      
  0.560987051303652298539408034498624929         4.58065222132892781923081774248728789      
  0.601645070388284138691865243056897591         4.58065216722381093462895272236201506      
  0.642303068940659525927870689877160099         4.58065209736180518256219924535289746      
  0.682961042781454227474987691897049753         4.58065202341844048895879889861362805      
  0.723618991173971756101748274463193333         4.58065195788281904276203306829284105      
  0.764276916982426252628882085121201973         4.58065191149914765464507061119345419      
  0.804934826273024521541190499504539978         4.58065189006660443569363872125398118      
  0.845592727410174973633594993967819332         4.58065189027611722254851795336695787      
  0.886250630160746727182048508588277896         4.58065189330799525323766213314152454      
