   0.00000000000000000000000000000000000         0.00000000000000000000000000000000000      
   7.14285714285714285714285714285714251E-0002   0.00000000000000000000000000000000000      
  0.142857142857142857142857142857142850         0.00000000000000000000000000000000000      
  0.214285714285714285714285714285714275         0.00000000000000000000000000000000000      
  0.285714285714285714285714285714285701         0.00000000000000000000000000000000000      
  0.357142857142857142857142857142857102         0.00000000000000000000000000000000000      
  0.428571428571428571428571428571428551         0.00000000000000000000000000000000000      
  0.500000000000000000000000000000000000         0.00000000000000000000000000000000000      
  0.571428571428571428571428571428571401         0.00000000000000000000000000000000000      
  0.642857142857142857142857142857142802         0.00000000000000000000000000000000000      
  0.714285714285714285714285714285714203         0.00000000000000000000000000000000000      
  0.785714285714285714285714285714285701         0.00000000000000000000000000000000000      
  0.857142857142857142857142857142857102         0.00000000000000000000000000000000000      
  0.928571428571428571428571428571428503         0.00000000000000000000000000000000000      
   1.00000000000000000000000000000000000         0.00000000000000000000000000000000000      
   7.40785644231827647774434954237035300E-0002  0.174448392564299341920727464289240957      
  0.126496760208454160583217909057686279        0.160362937727271952723950336118546063      
  0.183247383536776600307360876112426491        0.153940760322065119538717265239343258      
  0.243494572311240319302766400566223436        0.150554882939785811443292687098203734      
  0.306047405680500880996020787347653448        0.148711058470137533127523197898531935      
  0.370028659427756566861118402411663586        0.147725176231759357339991259359663325      
  0.434828446552540745958879503634506911        0.147245981345350996108206973770471532      
  0.500000000000000000000000044346752945        0.147103212515634789306398761612049218      
  0.565171553447459254041120603505641881        0.147245981345350996108206737153745548      
  0.629971340572243433138881782837952038        0.147725176231759357339990779148443501      
  0.693952594319499119003979511763601805        0.148711058470137533127522461462524195      
  0.756505427688759680697234099032995451        0.150554882939785811443291654605060490      
  0.816752616463223399692639919590152891        0.153940760322065119538715927747706039      
  0.873503239791545839416783301124090221        0.160362937727271952723948612127537530      
  0.925921435576817235222558286258300826        0.174448392564299341920725176688762332      
  0.103592513655374402445365666220544526        0.331819622642963509776702478741502228      
  0.155602500357470026095142189766971183        0.319789250176612877453184473471237938      
  0.209077017745471620061223421196049919        0.311897542637933192342602820798874051      
  0.264611688580860784952970001013243419        0.306773410182122824085632313976692032      
  0.321930463547036233361155848493661165        0.303525563894753769084990931460860002      
  0.380575163263605252664933168058424415        0.301563951583499194580491843600975600      
  0.440078238868547399895453543793193529        0.300519718975327970547290743591378325      
  0.500000000000000000000000406008743421        0.300192700666343887211948038755474755      
  0.559921761131452600104547303912844458        0.300519718975327970547290233038765392      
  0.619424836736394747335067806842969933        0.301563951583499194580490817627543872      
  0.678069536452963766638845299825546874        0.303525563894753769084989383030359677      
  0.735388311419139215047031440752291075        0.306773410182122824085630184226629913      
  0.790922982254528379938778412390853601        0.311897542637933192342600037719333154      
  0.844397499642529973904860107438645661        0.319789250176612877453180999733081027      
  0.896407486344625597554637275998494929        0.331819622642963509776698215766066970      
  0.114724615684849845818259367519754570        0.484447317999893745953501577819359627      
  0.168854122856493973139386609983829816        0.477227415206066206285485422503887324      
  0.222575415040011143178932062554782091        0.470576756780147480254725787426494830      
  0.276762839468268001673896419785873078        0.465360599578667790817501368396992344      
  0.331697907549595065815297315666927137        0.461606496122527715565250282941556600      
  0.387350055265656970829723369693358212        0.459124915814957477933898577166991670      
  0.443535262367854441270824017249153817        0.457722165557235247187724802020918922      
  0.500000000000000000000000998058667713        0.457269336218647659437885535578288461      
  0.556464737632145558729178045316619776        0.457722165557235247187724013538420994      
  0.612649944734343029170278796323703248        0.459124915814957477933896985880686570      
  0.668302092450404934184705076722786354        0.461606496122527715565247867458346769      
  0.723237160531731998326106309066901192        0.465360599578667790817498082712305045      
  0.777424584959988856821071027908762381        0.470576756780147480254721546044422308      
  0.831145877143506026860616929193802872        0.477227415206066206285480248377493946      
  0.885275384315150154181744742924607215        0.484447317999893745953495426260497387      
  0.121093689334403221928701824285460297        0.638039928595364202008258894323877213      
  0.175578878862911334121362096811150456        0.633611444688359129902628856642861506      
  0.229519628229026317857734995641951235        0.628777530088799613732924846959373412      
  0.283288547677807268745366701259233084        0.624431624015709174403341850590619198      
  0.337162733479044527967441101539372756        0.620973102451684577806629100722819911      
  0.391258874102223637142037462253572835        0.618517538878603672798823968381400391      
  0.445567294160144513032865599306582304        0.617063584134081719869487278011522724      
  0.500000000000000000000001882559856421        0.616583330557531889952708749386636482      
  0.554432705839855486967138088168580596        0.617063584134081719869486188502721681      
  0.608741125897776362857966397436701481        0.618517538878603672798821821944063573      
  0.662837266520955472032562935465991266        0.620973102451684577806625806113000774      
  0.716711452322192731254637587536164351        0.624431624015709174403337466659929048      
  0.770480371770973682142269809155577168        0.628777530088799613732919227276391007      
  0.824421121137088665878643133174405669        0.633611444688359129902622044190250412      
  0.878906310665596778071303964932988753        0.638039928595364202008250812591888310      
  0.124900990970639828090567573062933347        0.792866410014736219029639908715675478      
  0.179179766686290608372762149722143933        0.790152673868059954060886231333273235      
  0.233031156287491477990310348635457803        0.786834394734481322405958208105098629      
  0.286570978850655604006063517442182509        0.783556073513188944179863982077733414      
  0.339952207255014368142319959142899239        0.780745448201250879586764404969887794      
  0.393288611066692945847711003896379569        0.778637809263716952785363724187819410      
  0.446635369011433350455619903681990505        0.777344369007122797418713572581217195      
  0.500000000000000000000002776047127449        0.776909494212469765553137744528107180      
  0.553364630988566649544385795877004202        0.777344369007122797418712235861377479      
  0.606711388933307054152294861658554697        0.778637809263716952785360993792381561      
  0.660047792744985631857686015913704806        0.780745448201250879586760332173565442      
  0.713429021149344395993942822770249613        0.783556073513188944179858479218500985      
  0.766968843712508522009696254668425698        0.786834394734481322405951234372989017      
  0.820820233313709391627245011058399004        0.790152673868059954060877775219361753      
  0.875099009029360171909440169696239788        0.792866410014736219029629964261983924      
  0.126843059491805997883418931685479060        0.948761948989424036305102429722984603      
  0.180884858213346089192494231499217733        0.947200278912043322807495934765996879      
  0.234597671219960216836073220810928582        0.945016881958802511562502152326136878      
  0.288002530990162894201868712307869310        0.942686015961597347188354349018571706      
  0.341171165829310231479998618759975459        0.940571122850539849988479159074214958      
  0.394184852337023319458816505341966664        0.938918230147303337872907325133602697      
  0.447111319471212708127566780598038981        0.937875851780176766386532503806311179      
  0.500000000000000000000004045017193398        0.937520610752930343011472079848583168      
  0.552888680528787291872441243279852557        0.937875851780176766386530860122839486      
  0.605815147662976680541191629806064081        0.938918230147303337872904047683040134      
  0.658828834170689768520009846341864587        0.940571122850539849988474202984726026      
  0.711997469009837105798139968522570962        0.942686015961597347188347726080783977      
  0.765402328780039783163935812633128387        0.945016881958802511562493812983608951      
  0.819115141786653910807515350937908880        0.947200278912043322807485854384685193      
  0.873156940508194002116591128691149447        0.948761948989424036305090709572878784      
  0.127646666306324084164583187558951449         1.10558993818050541201971068973932123      
  0.181488871611175610970995420772738331         1.10476812508888389438158780438811076      
  0.235088535293673541708544338291967438         1.10339554591009973800921159461603959      
  0.288425707526116608452939928006224998         1.10181519337462769921929335458885422      
  0.341528867137737861300388563338671569         1.10031103209754724827129725711556436      
  0.394451520437761232181333918947133445         1.09909601806173534635115754427128963      
  0.447255008657888083041460498633430797         1.09831326498566492399542046722339487      
  0.500000000000000000000005351157361184         1.09804367716610229258265850460632915      
  0.552744991342111916958550481881106721         1.09831326498566492399541857785002711      
  0.605548479562238767818676936306162426         1.09909601806173534635115373551477612      
  0.658471132862262138699622622832323937         1.10031103209754724827129154952107883      
  0.711574292473883391547071669588660542         1.10181519337462769921928575806977824      
  0.764911464706326458291467268979441973         1.10339554591009973800920198504495508      
  0.818511128388824389029016894576851277         1.10476812508888389438157622807417309      
  0.872353333693675915835429418870203122         1.10558993818050541201969706200745191      
  0.127847511090804413082893431603918429         1.26316419427309513082066451804619992      
  0.181529595230436349866449968818506253         1.26278412555660678156210120355330126      
  0.235043221690673680374589572211355105         1.26196441330866155112428959943481653      
  0.288351866537175664817644025580701239         1.26094057006226315245662875940450880      
  0.341461250782806133427023975310528551         1.25992133317609294808674819930208495      
  0.394404930737441334121662245361401548         1.25907403106045008940857283993244270      
  0.447232239537756757533669976140667440         1.25851832524761322234195310823333340      
  0.500000000000000000000006988501317361         1.25832526525463611967460281704889840      
  0.552767760462243242466343898591088620         1.25851832524761322234195097821179624      
  0.605595069262558665878351775048007169         1.25907403106045008940856853063162504      
  0.658538749217193866572990427543071407         1.25992133317609294808674173301545963      
  0.711648133462824335182370681937093891         1.26094057006226315245662011411634539      
  0.764956778309326319625425355398710823         1.26196441330866155112427876173344117      
  0.818470404769563650133565349828537036         1.26278412555660678156208812465041373      
  0.872152488909195586917122348733395142         1.26316419427309513082064910393821966      
  0.127763557399183522484680658669487649         1.42128766022523163465256931449350066      
  0.181325128326206902347178264851985164         1.42115382735791373912210927538329574      
  0.234775422562660112352179051853803451         1.42069419390241131545816856857670781      
  0.288075564896931191788780862113803608         1.42006222066678689332546046011927436      
  0.341220340492260126191010365537928565         1.41940326680218125773462497916852160      
  0.394229713732424121838052036838359900         1.41884021720742804589478219143826777      
  0.447140613701072073007021368657624282         1.41846485217410577503907356766068275      
  0.500000000000000000000008662752297293         1.41833342867262758676189468593459104      
  0.552859386298927926992995963600429796         1.41846485217410577503907111707854181      
  0.605770286267575878161965545055671918         1.41884021720742804589477737052980394      
  0.658779659507739873809007306126654552         1.41940326680218125773461777510116391      
  0.711924435103068808211237121607356809         1.42006222066678689332545078734933259      
  0.765224577437339887647839237631531378         1.42069419390241131545815655803313661      
  0.818674871673793097652840577169984012         1.42115382735791373912209467319342357      
  0.872236442600816477515338552654500218         1.42128766022523163465255211594337631      
  0.127569742231521261374967483604652798         1.57979155352395471874437200083386750      
  0.181046194541482989272846873210780845         1.57978431497583781814025479465158062      
  0.234452102882455385853110234556932699         1.57954928681987065993655348648741272      
  0.287753257660857260216057280405639044         1.57918140245424913095006981759967248      
  0.340940443851751770028638680875871855         1.57877685974441356944718810953104183      
  0.394024859032077492059106707946345953         1.57842097374545758651566751226270468      
  0.447032737624890749792120352731353634         1.57817975391642468097657761691648882      
  0.500000000000000000000010685874347265         1.57809464681253047910797104565320233      
  0.552967262375109250207900896134350741         1.57817975391642468097657493179306390      
  0.605975140967922507940914927360385854         1.57842097374545758651566221488577971      
  0.659059556148248229971382722535445494         1.57877685974441356944718021669355362      
  0.712246742339142739783964687156228304         1.57918140245424913095005917020914489      
  0.765547897117544614146911919130827309         1.57954928681987065993654018502480461      
  0.818953805458517010727175736962707796         1.57978431497583781814023874903604844      
  0.872430257768478738625055420127037739         1.57979155352395471874435319070461392      
  0.127356202203282218151582008593764244         1.73854589495859427129823079060803092      
  0.180775785371141374895057353495932146         1.73859633020295171203753285165415314      
  0.234152205651584125525619043161446446         1.73849575093621339683789166683092683      
  0.287458335055957885198278844252918025         1.73829922292885379908569886411086029      
  0.340684683523653850157103202950483841         1.73806704084069872684070328362604251      
  0.393837140242869176523892831070956578         1.73785535983531374924869404067880188      
  0.446933586304531615165504519906663414         1.73770908916027717653007004761920333      
  0.500000000000000000000012782932638549         1.73765703129780163644044916643963676      
  0.553066413695468384834520936237221779         1.73770908916027717653006726958380955      
  0.606162859757130823476132792476878145         1.73785535983531374924868829593983092      
  0.659315316476346149842922586360589040         1.73806704084069872684069468955705806      
  0.712541664944042114801746968080503204         1.73829922292885379908568722284055721      
  0.765847794348415874474407081233703127         1.73849575093621339683787716854922781      
  0.819224214628858625104969288222390857         1.73859633020295171203751538927316101      
  0.872643797796717781848445131118734305         1.73854589495859427129821024897690872      
  0.127163163407693568228836006351145520         1.89745639152137054255022882661417174      
  0.180546804475694997304750117925024127         1.89752811622943076099120391619516351      
  0.233904713366021565784639844572608665         1.89750517525475083705338723704846271      
  0.287216951965282127909046683900007987         1.89741639281015587652638509051652053      
  0.340475521849510175603817333588834005         1.89729704270659209400215479086890831      
  0.393683347832664508657661857303603246         1.89718201980493340114696310430604517      
  0.446852200963614771789946163643914819         1.89710028742924224796095856284134181      
  0.500000000000000000000014964233610273         1.89707084264646219987146413358765540      
  0.553147799036385228210083802599995521         1.89710028742924224796095543500510662      
  0.606316652167335491342367907151989073         1.89718201980493340114695685449961535      
  0.659524478150489824396212786277035842         1.89729704270659209400214549055766905      
  0.712783048034717872090983879815325651         1.89741639281015587652637256289321234      
  0.766095286633978434215390888505263717         1.89750517525475083705337155214168025      
  0.819453195524305002695280896712664306         1.89752811622943076099118498046671871      
  0.872836836592306431771195560584243624         1.89745639152137054255020665847146071      
  0.127002194351782919919956896410869264         2.05645760770316031549523744501233441      
  0.180364567536650363860176005764905441         2.05653455761921940374430639556117120      
  0.233711627476184371024761299189986220         2.05655578228929121194117783601302918      
  0.287029871250064817433993241392873900         2.05653332668910713492677314604835295      
  0.340313520913747533091228851084704416         2.05648577506196465871327273414130408      
  0.393564061546791917702294996332605018         2.05643339779326382839954808461394808      
  0.446788980841614907823386762131309444         2.05639393497215778583240086378734406      
  0.500000000000000000000017188896094374         2.05637937310695075577118582993663376      
  0.553211019158385092176647672990984190         2.05639393497215778583239754515184854      
  0.606435938453208082297739568103550486         2.05643339779326382839954140828754562      
  0.659686479086252466908805850410282110         2.05648577506196465871326273463778212      
  0.712970128749935182566041904485722590         2.05653332668910713492675981170162118      
  0.766288372523815628975274082333829252         2.05655578228929121194116114946926241      
  0.819635432463349636139859526427073262         2.05653455761921940374428622054732010      
  0.872997805648217080080079281301576767         2.05645760770316031549521366843542027      
  0.126868939713859957241302956985598338         2.21550601869761839986498690078434294      
  0.180219734871161435327134076058936311         2.21558457956797395688719777321024619      
  0.233560991987335820554873810252229114         2.21563211053320631879022208264704956      
  0.286884841328622820959674432381205311         2.21565026014343596669864651685132567      
  0.340188017269700951094084774869024381         2.21564713775896885454808405370486886      
  0.393471525266569390398018634865427970         2.21563375074788536613211639341878021      
  0.446739868156028780807946801386469516         2.21562068233824609713560907332184216      
  0.500000000000000000000019824782579659         2.21561542787461444251134631617371654      
  0.553260131843971219192093073733968450         2.21562068233824609713560552905129650      
  0.606528474733430609602021185875108492         2.21563375074788536613210935180947393      
  0.659811982730299048905955237696089071         2.21564713775896885454807338712893784      
  0.713115158671377179040365660715000766         2.21565026014343596669863229904184033      
  0.766439008012664179445166893510710543         2.21563211053320631879020434356742922      
  0.819780265128838564672907152112748393         2.21558457956797395688717645516107031      
  0.873131060286140042758738490096292888         2.21550601869761839986496165673807149      
  0.126750093035466848649970199929756981         2.37457432653170802570972916714717273      
  0.180095028133056274928370936383818486         2.37465849336881444232588033361489573      
  0.233433465739000527638588991097602549         2.37472427830040816658106709307247294      
  0.286762787988529844082889100780110070         2.37476732883323269045893275079198644      
  0.340082467502812864283535627918134994         2.37479009158060599101869788114866976      
  0.393393606550345864642488107844877063         2.37479879218895507982939192147308220      
  0.446698459817652483657274477581702134         2.37480044014545863112540734658117602      
  0.500000000000000000000022497271017929         2.37480033713102946398927547108512123      
  0.553301540182347516342770944522990383         2.37480044014545863112540357284207215      
  0.606606393449654135357557105809466412         2.37479879218895507982938434288581993      
  0.659917532497187135716510000072758396         2.37479009158060599101868651831493636      
  0.713237212011470155917156595331858950         2.37476732883323269045891777395056063      
  0.766566534260999472361456904731590805         2.37472427830040816658104803406126842      
  0.819904971866943725071674919407895157         2.37465849336881444232585762401651324      
  0.873249906964533151350076783124975412         2.37457432653170802570970241981031588      
  0.126626599312276466054335078020392672         2.53364769384913652511623807129249185      
  0.179967960818138811364377402069551295         2.53374616435643314370046623500866727      
  0.233304798306987896512852793817904772         2.53382742382129380843343676090696466      
  0.286640081314108029596017878655574997         2.53388461353610521179036729500200099      
  0.339976404176460577000016326974852515         2.53391879675919169258164335468316492      
  0.393315259015674572982954253327324599         2.53393564832497671018039453714193278      
  0.446656794223114744131849343572371242         2.53394211193366978308344067085269019      
  0.500000000000000000000025626484757277         2.53394359404482679993668778291490956      
  0.553343205776885255868201446709631657         2.53394211193366978308343682218891028      
  0.606684740984325427017096549381177016         2.53393564832497671018038652693473563      
  0.660023595823539423000034755974300327         2.53391879675919169258163136557659801      
  0.713359918685891970404033700880847556         2.53388461353610521179035138350689181      
  0.766695201693012103487198876836594161         2.53382742382129380843341676594693086      
  0.820032039181861188635674490710832420         2.53374616435643314370044206913491455      
  0.873373400687723533945717409122604633         2.53364769384913652511620990753923386      
  0.126474600218859125480761975519289935         2.69272227704904734156591730779143304      
  0.179811166902896213124455187348557090         2.69284650773030367900145661904571878      
  0.233145836112442005390579422884804435         2.69294167036864588173357334592388824      
  0.286488438892614401970235373497039904         2.69300215291722920846544161058901240      
  0.339845353704712267208033607701876450         2.69303240060904650719748115315467620      
  0.393218485681709247869520488683457256         2.69304232231195329527240150175480048      
  0.446605343639618023736134073729241369         2.69304279314334197223611803291669767      
  0.500000000000000000000028512372787036         2.69304195283410276479916581156913772      
  0.553394656360381976263922812863595861         2.69304279314334197223611399167590970      
  0.606781514318290752130536367879589739         2.69304232231195329527239322116093549      
  0.660154646295287732792023581100372097         2.69303240060904650719746856010436273      
  0.713511561107385598029821784296164691         2.69300215291722920846542478884939125      
  0.766854163887557994609477573650167423         2.69294167036864588173355234871998786      
  0.820188833097103786875602734592674231         2.69284650773030367900143134517925209      
  0.873525399781140874519296087115211056         2.69272227704904734156588779684355799      
  0.126265331833280147625509915872452053         2.85180643046107080740783989108310208      
  0.179591540777941350404376131241836198         2.85196869266091201841830908827224637      
  0.232921277017168023356246645884289453         2.85207284487291100589107186906731680      
  0.286273632847318247447124899914803909         2.85211991053341789830390645565901996      
  0.339659736025537833909463594283179176         2.85212419847914467507067652591172178      
  0.393081564683070921676579006340518804         2.85210616527225304435116980360165424      
  0.446532620131099913983347196376820071         2.85208578500861486382657454803687537      
  0.500000000000000000000031520334597487         2.85207728343102340225800588777794408      
  0.553467379868900086016716092335427446         2.85208578500861486382657019824950740      
  0.606918435316929078323484225847887869         2.85210616527225304435116111002683102      
  0.660340263974462166090599737745611699         2.85212419847914467507066346007856386      
  0.713726367152681752552938804685234375         2.85211991053341789830388908050259305      
  0.767078722982831976643817362532028789         2.85207284487291100589104994343801599      
  0.820408459222058649595688152059974730         2.85196869266091201841828265250405211      
  0.873734668166719852374554468520295420         2.85180643046107080740780904309722147      
  0.125965143398874119115002420167163417         3.01092512825773059808273237132014806      
  0.179269324013511590989921607109282338         3.01113543850458825502995369942328798      
  0.232588302012951990970112757307762078         3.01123411403305001974474721298018871      
  0.285954091255076513985234761925031843         3.01123764999460691539474836592949533      
  0.339383714306328402825244370066268957         3.01117996283252464871786652562234198      
  0.392878271492909369557800088304306688         3.01110105053441029229871591544627891      
  0.446424792440916435441633376807671184         3.01103707126250162322372458496159272      
  0.500000000000000000000034773383768537         3.01101281666169080861279789561705265      
  0.553575207559083564558436095762576714         3.01103707126250162322372003768764301      
  0.607121728507090630442269810426310655         3.01110105053441029229870679885244892      
  0.660616285693671597174825639582444305         3.01117996283252464871785277109250715      
  0.714045908744923486014835551832445473         3.01123764999460691539472994503912948      
  0.767411697987048009029957456535293377         3.01123411403305001974472410215344337      
  0.820730675986488409010149134190440391         3.01113543850458825502992633670457623      
  0.874034856601125880885068703394103183         3.01092512825773059808270007570411055      
  0.125537111090539013446441489235317137         3.17012843926040761031309039608346469      
  0.178798544389498275402171794656864501         3.17038884358176961929982762336608380      
  0.232096481109613177144899953433728938         3.17044862830063120236332284849566023      
  0.285480768658973404090452380943759406         3.17035459948205801052195013398450820      
  0.338975239809886399164894249110109806         3.17017527456200503939911049705827231      
  0.392578055295036291206373585321057607         3.16998314520246469740723142769702298      
  0.446265836313159110943981897931526394         3.16984023435356492650344509345576887      
  0.500000000000000000000038387945568706         3.16978779283047970108366869117786463      
  0.553734163686840889056094435867822733         3.16984023435356492650344043055916731      
  0.607421944704963708793703158884398212         3.16998314520246469740722195180704085      
  0.661024760190113600835182634777314949         3.17017527456200503939909614003032937      
  0.714519231341026595909624612844736984         3.17035459948205801052193095672795008      
  0.767903518890386822855177291279120368         3.17044862830063120236329922485975151      
  0.821201455610501724597905659160945183         3.17038884358176961929979883256941155      
  0.874462888909460986553636104964574091         3.17012843926040761031305684657047611      
  0.124946458798896029656221433079087468         3.32950524530232474515196755537349212      
  0.178130853237216310306070251985337774         3.32979924333470798752193917535074915      
  0.231391026619546839770443039314350850         3.32975308600237669317917826033877450      
  0.284800389065977896299170813076006729         3.32946861699398903949572495241777992      
  0.338389230082318221829767966808904106         3.32907173193355464618923330541641518      
  0.392148668679985598182868919681534340         3.32868549536037648552071894494311575      
  0.446039036793641843188941513760929907         3.32841033391894114146838580264359040      
  0.500000000000000000000042082481541542         3.32831115666977584495804316947232528      
  0.553960963206358156811141889011788909         3.32841033391894114146838100806006826      
  0.607851331320014401817214558277718804         3.32868549536037648552070912908378171      
  0.661610769917681778170315908684807918         3.32907173193355464618921855111013894      
  0.715199610934022103700913159774665282         3.32946861699398903949570499453087180      
  0.768608973380453160229640845424906245         3.32975308600237669317915378031511039      
  0.821869146762783689694014051308682383         3.32979924333470798752190922038453447      
  0.875053541201103970343863180282822654         3.32950524530232474515193291478173929      
  0.124172875423095326877538288413699209         3.48920405550495574858300124429652438      
  0.177225640582833514584002944717683824         3.48947753647413372062704878427524092      
  0.230422619913180593280522941189537718         3.48920159076939708207132522650770386      
  0.283865494745575295890268815003408023         3.48857416693050244722516277063371384      
  0.337587060871708997033470531980709450         3.48781199901686178455259076323404785      
  0.391563689923154095604182710714461444         3.48711226702249482418906813690271924      
  0.445731163063051597372866312544017579         3.48662829099367558090926217794772004      
  0.500000000000000000000045510658731805         3.48645610536495309995527531978303027      
  0.554268836936948402627224685304776707         3.48662829099367558090925717340674251      
  0.608436310076845904395908039414734841         3.48711226702249482418905808384723914      
  0.662412939128291002966620464093523548         3.48781199901686178455257546814128183      
  0.716134505254424704109822248486387690         3.48857416693050244722514221875891905      
  0.769577380086819406719568272732228716         3.48920159076939708207129985163961067      
  0.822774359417166485416088715247746710         3.48947753647413372062701798546595036      
  0.875827124576904673122553739724158810         3.48920405550495574858296518379555818      
  0.123232981755954135228280192786368405         3.64946504149632573102898406523226110      
  0.176070657915339923692658960780838171         3.64959056027311938756590321241628052      
  0.229169342687933937751011638091243952         3.64886769454235916817333226617163721      
  0.282657108740848632536903369899983314         3.64765767950363896410524576040959259      
  0.336557522331643985538911283786886989         3.64631396265556515890333851684912174      
  0.390818745674098297298770125413405109         3.64513471519782023909657129709561575      
  0.445341329627312415673944873507235778         3.64433916469288400822665326809650387      
  0.500000000000000000000049224604709932         3.64405935257279646252654279655785777      
  0.554658670372687584326153622511424269         3.64433916469288400822664800742107483      
  0.609181254325901702701328611769387425         3.64513471519782023909656077034397093      
  0.663442477668356014461187108631321291         3.64631396265556515890332286854374789      
  0.717342891259151367463195116114455544         3.64765767950363896410522454454958356      
  0.770830657312066062249087426221338254         3.64886769454235916817330588225190295      
  0.823929342084660076307440397724677864         3.64959056027311938756587135446407039      
  0.876767018244045864771819146857057346         3.64946504149632573102894680844677935      
  0.122221759287922867194799509305873139         3.81067196486818013931216532845132771      
  0.174725596011568930452352059671200418         3.81037584427602468491237585860114730      
  0.227682844259250294049368470750774080         3.80884042601795744397111843140329955      
  0.281230153813596318648655233201352569         3.80668861601289297537472957241983403      
  0.335357081526260786784470414129233060         3.80446547062275281522075900130704041      
  0.389961760242901287210765279130890240         3.80259328452652847254552383453581863      
  0.444897217929780649739525107141197233         3.80136074247651396975059577414742603      
  0.500000000000000000000053071941310336         3.80093223763950630009701502362795636      
  0.555102782070219350260581185693861554         3.80136074247651396975059047102715455      
  0.610038239757098712789340939562428005         3.80259328452652847254551328442620924      
  0.664642918473739213215635799803865927         3.80446547062275281522074273773687624      
  0.718769846186403681351451143729743270         3.80668861601289297537470795751460889      
  0.772317155740749705950738070401172806         3.80884042601795744397109140498935033      
  0.825274403988431069547755151003123528         3.81037584427602468491234273188627481      
  0.877778240712077132805307675381598928         3.81067196486818013931212695654712071      
  0.121430221142858899805609886843037927         3.97342417792093805743591325146729072      
  0.173431497083039407185345695971603544         3.97215108096562393080884438423156541      
  0.226182798099705309981245432146896330         3.96921384121825877423508767978814421      
  0.279795930523009688112353842588970833         3.96560760267287695408065222091885057      
  0.334178568403065037112373735434037114         3.96212420967120167237934517211608844      
  0.389142494312843118357188934879883514         3.95931401028767190839193816179986816      
  0.444480947305482616325674346822900455         3.95751299658054630997998674673043219      
  0.500000000000000000000057276526178806         3.95689500612785264798134029006140883      
  0.555519052694517383674439931609260045         3.95751299658054630997998113466314907      
  0.610857505687156881642925292564298888         3.95931401028767190839192700437715478      
  0.665821431596934962887740606380879219         3.96212420967120167237932842089263691      
  0.720204069476990311887760521449263118         3.96560760267287695408063026079079653      
  0.773817201900294690018869101985722546         3.96921384121825877423505998952460127      
  0.826568502916960592814769095707427943         3.97215108096562393080881043322525223      
  0.878569778857141100194505202866585711         3.97342417792093805743587369905341700      
  0.121689060213673885899997215108215287         4.13857560443143493815945489021683354      
  0.172820453663445293776470108219956438         4.13534638218741201882859082891869492      
  0.225197566910440251342033309249395819         4.13008323411421198863210492955759051      
  0.278839657990422471861302927450857525         4.12431403573020046217272568765207496      
  0.333446844570189980397525352125079774         4.11912912650036613194347622888595305      
  0.388678599592219071122096791279184206         4.11515078975901466087890020570152407      
  0.444262190217767245901368280176638913         4.11268196749942621179575770296655591      
  0.500000000000000000000061157948867663         4.11184811145317539250810232044571843      
  0.555737809782232754098754054635082395         4.11268196749942621179575206144679422      
  0.611321400407780928878025445874097530         4.11515078975901466087888885405537866      
  0.666553155429810019602596989349351784         4.11912912650036613194345933389231189      
  0.721160342009577528138819692978056599         4.12431403573020046217270284503743341      
  0.774802433089559748658089257479245507         4.13008323411421198863207601652882613      
  0.827179546336554706223652802236500295         4.13534638218741201882855618651752166      
  0.878310939786326114100126164435632389         4.13857560443143493815941467619455845      
  0.124596302446548612083515127259631408         4.30731744678989434776770785557149255      
  0.173833607039729977301357671462218719         4.30062483602114981546432937230594949      
  0.225572262812952916134175226405044241         4.29148444196740666708011526814717244      
  0.279204333346952153653274019665004728         4.28260972912717958468610470821989721      
  0.333902184052333266024590427850182807         4.27531880697161359512229312493187469      
  0.389109120194251964910496949906397453         4.27006287636605134339283329153035854      
  0.444522021972825955891594962108420317         4.26692701380918925256438075895176842      
  0.500000000000000000000065464338027644         4.26588783534036888921564974511364278      
  0.555477978027174044108535910061276083         4.26692701380918925256437496433899035      
  0.610890879805748035089634043087814540         4.27006287636605134339282190550389381      
  0.666097815947666733975540486938594132         4.27531880697161359512227605313236571      
  0.720795666653047846346856918490734569         4.28260972912717958468608147358764584      
  0.774427737187047083865955818819278508         4.29148444196740666708008590847064134      
  0.826166392960270022698773662227172704         4.30062483602114981546429355115841508      
  0.875403697553451387916616674286269390         4.30731744678989434776766576151989211      
  0.129711538607795569966972186562198803         4.48268347155482426050539552465268971      
  0.176398041091854890861028880747234232         4.46851327462935888742644121727719209      
  0.228263140765073734124585908031573277         4.45280761578511511093974487689151771      
  0.282134255642501019481329290603311440         4.43998949124810897398639678573058550      
  0.336628452395381548092778646190706259         4.43056608084018485936849056124708951      
  0.391184442582994041723654517767989648         4.42423966818486278419975839433721647      
  0.445636024766771420006397324935985487         4.42062437777734266859474695570361824      
  0.500000000000000000000069783548054443         4.41945059661698566602513183557091921      
  0.554363975233228579993742180712763407         4.42062437777734266859474116442603700      
  0.608815557417005958276485076786863438         4.42423966818486278419974706911827732      
  0.663371547604618451907360938427167605         4.43056608084018485936847324121273358      
  0.717865744357498980518810245393177105         4.43998949124810897398637323794467973      
  0.771736859234926265875553774410737554         4.45280761578511511093971491788862821      
  0.823601958908145109139110942719326189         4.46851327462935888742640497376322222      
  0.870288461392204430033168156460180772         4.48268347155482426050535226403516651      
  0.128354917999739347425762069022267489         4.67175339177968789896499454133810522      
  0.182001191203815798019751477101219651         4.63554284974318041590902837949253029      
  0.236205767041757449027865407130075175         4.61184736664009128450160370152489372      
  0.290037532513754743008051630193161334         4.59579858556300125979122866731383715      
  0.343214199856142482868730722305674096         4.58511293593993923377126735247247927      
  0.395806719470493545272806827904095249         4.57835643899618852393678081730842630      
  0.448001207971501587592612210464005278         4.57462889638614513641586647922082979      
  0.500000000000000000000074086093629294         4.57343831599334041580715240896686081      
  0.551998792028498412407536088734306167         4.57462889638614513641586083141663466      
  0.604193280529506454727341516650824777         4.57835643899618852393676927959330558      
  0.656785800143857517131417773628481828         4.58511293593993923377124998773335812      
  0.709962467486245256992096968864423121         4.59579858556300125979120496978727571      
  0.763794232958242550972283255519439739         4.61184736664009128450157336094062049      
  0.817998808796184201980397319327576052         4.63554284974318041590899087002690336      
  0.871645082000260652574387006191325252         4.67175339177968789896494856718206374      
  0.136745923866808709643692578081134713         4.81812449470748059578696821356106305      
  0.202319356867360896681979756968801522         4.79034274510897431784318925641514162      
  0.256182513005340272302281861206120146         4.76705438565788634182771771341987011      
  0.306257886228493491243866981501675200         4.75098851535455775393508414053780141      
  0.355011068271968535847853213409777465         4.74044358937082639488586424950895795      
  0.403371577842798018383449061838129688         4.73386284367333040889030386169891786      
  0.451675247472589424913067238562369725         4.73025949996824494493110040267990783      
  0.500000000000000000000078354046294129         4.72911219668266288096074690825658722      
  0.548324752527410575087089506926960581         4.73025949996824494493109460773493766      
  0.596628422157201981616707894364293119         4.73386284367333040889029224570493923      
  0.644988931728031464152304144501498828         4.74044358937082639488584668867150272      
  0.693742113771506508756290837576469386         4.75098851535455775393506041048896234      
  0.743817486994659727697876440484419113         4.76705438565788634182768711755648705      
  0.797680643132639103318178890499448892         4.79034274510897431784315123068781991      
  0.863254076133191290356466207797185359         4.81812449470748059578692242816162673      
