#abscisse               ordonnée
   0.0000000000000000        0.0000000000000000     
   1.2247752247752247E-003  -6.9691759255626287E-005
   2.4495504495504494E-003  -1.3938296208983587E-004
   3.6743256743256743E-003  -2.0907305208121206E-004
   4.8991008991008987E-003  -2.7876147280833831E-004
   6.1238761238761232E-003  -3.4844766784979765E-004
   7.3486513486513486E-003  -4.1813108078417370E-004
   8.5734265734265722E-003  -4.8781115519004945E-004
   9.7982017982017975E-003  -5.5748733464600867E-004
   1.1022977022977023E-002  -6.2715906273063424E-004
   1.2247752247752246E-002  -6.9682578302250955E-004
   1.3472527472527472E-002  -7.6648693910021820E-004
   1.4697302697302697E-002  -8.3614197454234330E-004
   1.5922077922077921E-002  -9.0579033292746811E-004
   1.7146853146853144E-002  -9.7543145783417576E-004
   1.8371628371628371E-002  -1.0450647928410505E-003
   1.9596403596403595E-002  -1.1146897815266746E-003
   2.0821178821178819E-002  -1.1843058674696314E-003
   2.2045954045954046E-002  -1.2539124942485048E-003
   2.3270729270729269E-002  -1.3235091054418779E-003
   2.4495504495504493E-002  -1.3930951446283336E-003
   2.5720279720279720E-002  -1.4626700553864560E-003
   2.6945054945054944E-002  -1.5322332812948282E-003
   2.8169830169830167E-002  -1.6017842659320331E-003
   2.9394605394605394E-002  -1.6713224528766542E-003
   3.0619380619380618E-002  -1.7408472857072749E-003
   3.1844155844155841E-002  -1.8103582080024783E-003
   3.3068931068931065E-002  -1.8798546633408480E-003
   3.4293706293706289E-002  -1.9493360953009671E-003
   3.5518481518481519E-002  -2.0188019474614190E-003
   3.6743256743256743E-002  -2.0882516634007876E-003
   3.7968031968031966E-002  -2.1576846866976549E-003
   3.9192807192807190E-002  -2.2271004609306050E-003
   4.0417582417582414E-002  -2.2964984296782215E-003
   4.1642357642357637E-002  -2.3658780365190869E-003
   4.2867132867132861E-002  -2.4352387250317856E-003
   4.4091908091908091E-002  -2.5045799387949006E-003
   4.5316683316683315E-002  -2.5739011213870146E-003
   4.6541458541458539E-002  -2.6432017163867103E-003
   4.7766233766233762E-002  -2.7124811673725725E-003
   4.8991008991008986E-002  -2.7817389179231843E-003
   5.0215784215784209E-002  -2.8509744116171280E-003
   5.1440559440559440E-002  -2.9201870920329887E-003
   5.2665334665334664E-002  -2.9893764027493479E-003
   5.3890109890109887E-002  -3.0585417873447898E-003
   5.5114885114885111E-002  -3.1276826893978974E-003
   5.6339660339660334E-002  -3.1967985524872541E-003
   5.7564435564435558E-002  -3.2658888201914436E-003
   5.8789210789210788E-002  -3.3349529360890487E-003
   6.0013986013986012E-002  -3.4039903437586530E-003
   6.1238761238761236E-002  -3.4730004867788399E-003
   6.2463536463536459E-002  -3.5419828087281916E-003
   6.3688311688311683E-002  -3.6109367531852936E-003
   6.4913086913086906E-002  -3.6798617637287269E-003
   6.6137862137862130E-002  -3.7487572839370762E-003
   6.7362637362637354E-002  -3.8176227573889243E-003
   6.8587412587412577E-002  -3.8864576276628551E-003
   6.9812187812187801E-002  -3.9552613383374508E-003
   7.1036963036963038E-002  -4.0240333329912975E-003
   7.2261738261738262E-002  -4.0927730552029751E-003
   7.3486513486513486E-002  -4.1614799485510676E-003
   7.4711288711288709E-002  -4.2301534566141601E-003
   7.5936063936063933E-002  -4.2987930229708331E-003
   7.7160839160839156E-002  -4.3673980911996734E-003
   7.8385614385614380E-002  -4.4359681048792626E-003
   7.9610389610389604E-002  -4.5045025075881821E-003
   8.0835164835164827E-002  -4.5730007429050186E-003
   8.2059940059940051E-002  -4.6414622544083519E-003
   8.3284715284715274E-002  -4.7098864856767696E-003
   8.4509490509490498E-002  -4.7782728802888523E-003
   8.5734265734265722E-002  -4.8466208818231825E-003
   8.6959040959040959E-002  -4.9149299338583467E-003
   8.8183816183816183E-002  -4.9831994799729249E-003
   8.9408591408591406E-002  -5.0514289637455020E-003
   9.0633366633366630E-002  -5.1196178287546603E-003
   9.1858141858141854E-002  -5.1877655185789849E-003
   9.3082917082917077E-002  -5.2558714767970563E-003
   9.4307692307692301E-002  -5.3239351469874614E-003
   9.5532467532467524E-002  -5.3919559727287816E-003
   9.6757242757242748E-002  -5.4599333975996001E-003
   9.7982017982017972E-002  -5.5278668651785002E-003
   9.9206793206793195E-002  -5.5957558190440652E-003
  0.10043156843156842       -5.6635997027748792E-003
  0.10165634365634364       -5.7313979599495253E-003
  0.10288111888111888       -5.7991500341465860E-003
  0.10410589410589410       -5.8668553689446455E-003
  0.10533066933066933       -5.9345134079222869E-003
  0.10655544455544455       -6.0021235946580926E-003
  0.10778021978021977       -6.0696853727306476E-003
  0.10900499500499500       -6.1371981857185325E-003
  0.11022977022977022       -6.2046614772003324E-003
  0.11145454545454545       -6.2720746907546331E-003
  0.11267932067932067       -6.3394372699600143E-003
  0.11390409590409589       -6.4067486583950593E-003
  0.11512887112887112       -6.4740082996383548E-003
  0.11635364635364634       -6.5412156372684797E-003
  0.11757842157842158       -6.6083701148640208E-003
  0.11880319680319680       -6.6754711760035595E-003
  0.12002797202797202       -6.7425182642656799E-003
  0.12125274725274725       -6.8095108232289663E-003
  0.12247752247752247       -6.8764482964719974E-003
  0.12370229770229769       -6.9433301275733635E-003
  0.12492707292707292       -7.0101557601116426E-003
  0.12615184815184816       -7.0769246376654214E-003
  0.12737662337662337       -7.1436362038132797E-003
  0.12860139860139860       -7.2102899021338042E-003
  0.12982617382617381       -7.2768851762055747E-003
  0.13105094905094905       -7.3434214696071779E-003
  0.13227572427572426       -7.4098982259171962E-003
  0.13350049950049950       -7.4763148887142111E-003
  0.13472527472527471       -7.5426709015768076E-003
  0.13595004995004994       -7.6089657080835715E-003
  0.13717482517482515       -7.6751987518130791E-003
  0.13839960039960039       -7.7413694763439197E-003
  0.13962437562437560       -7.8074773252546758E-003
  0.14084915084915084       -7.8735217421239297E-003
  0.14207392607392608       -7.9395021705302628E-003
  0.14329870129870129       -8.0054180540522629E-003
  0.14452347652347652       -8.0712688362685088E-003
  0.14574825174825173       -8.1370539607575863E-003
  0.14697302697302697       -8.2027728710980796E-003
  0.14819780219780218       -8.2684250108685676E-003
  0.14942257742257742       -8.3340098236476413E-003
  0.15064735264735263       -8.3995267530138744E-003
  0.15187212787212787       -8.4649752425458597E-003
  0.15309690309690308       -8.5303547358221710E-003
  0.15432167832167831       -8.5956646764214009E-003
  0.15554645354645352       -8.6609045079221268E-003
  0.15677122877122876       -8.7260736739029343E-003
  0.15799600399600400       -8.7911716179424060E-003
  0.15922077922077921       -8.8561977836191241E-003
  0.16044555444555444       -8.9211516145116746E-003
  0.16167032967032965       -8.9860325541986363E-003
  0.16289510489510489       -9.0508400462586003E-003
  0.16411988011988010       -9.1155735342701404E-003
  0.16534465534465534       -9.1802324618118474E-003
  0.16656943056943055       -9.2448162724623004E-003
  0.16779420579420579       -9.3093244098000870E-003
  0.16901898101898100       -9.3737563174037843E-003
  0.17024375624375623       -9.4381114388519816E-003
  0.17146853146853144       -9.5023892177232578E-003
  0.17269330669330668       -9.5665890975961971E-003
  0.17391808191808192       -9.6307105220493888E-003
  0.17514285714285713       -9.6947529346614065E-003
  0.17636763236763237       -9.7587157790108396E-003
  0.17759240759240758       -9.8225984986762688E-003
  0.17881718281718281       -9.8864005372362816E-003
  0.18004195804195802       -9.9501213382694551E-003
  0.18126673326673326       -1.0013760345354377E-002
  0.18249150849150847       -1.0077317002069630E-002
  0.18371628371628371       -1.0140790751993797E-002
  0.18494105894105892       -1.0204181038705460E-002
  0.18616583416583415       -1.0267487305783203E-002
  0.18739060939060936       -1.0330708996805611E-002
  0.18861538461538460       -1.0393845555351267E-002
  0.18984015984015984       -1.0456896424998755E-002
  0.19106493506493505       -1.0519861049326651E-002
  0.19228971028971029       -1.0582738871913550E-002
  0.19351448551448550       -1.0645529336338024E-002
  0.19473926073926073       -1.0708231886178666E-002
  0.19596403596403594       -1.0770845965014054E-002
  0.19718881118881118       -1.0833371016422771E-002
  0.19841358641358639       -1.0895806483983401E-002
  0.19963836163836163       -1.0958151811274530E-002
  0.20086313686313684       -1.1020406441874736E-002
  0.20208791208791207       -1.1082569819362611E-002
  0.20331268731268728       -1.1144641387316731E-002
  0.20453746253746252       -1.1206620589315680E-002
  0.20576223776223776       -1.1268506868938042E-002
  0.20698701298701297       -1.1330299669762404E-002
  0.20821178821178821       -1.1391998435367342E-002
  0.20943656343656342       -1.1453602609331445E-002
  0.21066133866133865       -1.1515111635233295E-002
  0.21188611388611386       -1.1576524956651473E-002
  0.21311088911088910       -1.1637842017164569E-002
  0.21433566433566431       -1.1699062260351157E-002
  0.21556043956043955       -1.1760185129789829E-002
  0.21678521478521476       -1.1821210069059162E-002
  0.21800999000999000       -1.1882136521737745E-002
  0.21923476523476521       -1.1942963931404153E-002
  0.22045954045954044       -1.2003691741636978E-002
  0.22168431568431568       -1.2064319396014801E-002
  0.22290909090909089       -1.2124846338116196E-002
  0.22413386613386613       -1.2185272011519765E-002
  0.22535864135864134       -1.2245595859804071E-002
  0.22658341658341657       -1.2305817326547714E-002
  0.22780819180819178       -1.2365935855329267E-002
  0.22903296703296702       -1.2425950889727314E-002
  0.23025774225774223       -1.2485861873320445E-002
  0.23148251748251747       -1.2545668249687237E-002
  0.23270729270729268       -1.2605369462406276E-002
  0.23393206793206792       -1.2664964955056146E-002
  0.23515684315684315       -1.2724454171215427E-002
  0.23638161838161836       -1.2783836554462703E-002
  0.23760639360639360       -1.2843111548376564E-002
  0.23883116883116881       -1.2902278596535584E-002
  0.24005594405594405       -1.2961337142518353E-002
  0.24128071928071926       -1.3020286629903446E-002
  0.24250549450549450       -1.3079126502269460E-002
  0.24373026973026971       -1.3137856203194964E-002
  0.24495504495504494       -1.3196475176258552E-002
  0.24617982017982015       -1.3254982865038799E-002
  0.24740459540459539       -1.3313378713114297E-002
  0.24862937062937060       -1.3371662164063620E-002
  0.24985414585414584       -1.3429832661465359E-002
  0.25107892107892105       -1.3487889648898091E-002
  0.25230369630369631       -1.3545832569940403E-002
  0.25352847152847152       -1.3603660868170881E-002
  0.25475324675324673       -1.3661373987168102E-002
  0.25597802197802194       -1.3718971370510653E-002
  0.25720279720279721       -1.3776452461777120E-002
  0.25842757242757242       -1.3833816704546080E-002
  0.25965234765234763       -1.3891063542396120E-002
  0.26087712287712284       -1.3948192418905818E-002
  0.26210189810189810       -1.4005202777653769E-002
  0.26332667332667331       -1.4062094062218543E-002
  0.26455144855144852       -1.4118865716178737E-002
  0.26577622377622373       -1.4175517183112919E-002
  0.26700099900099900       -1.4232047906599689E-002
  0.26822577422577421       -1.4288457330217616E-002
  0.26945054945054941       -1.4344744897545288E-002
  0.27067532467532468       -1.4400910052161297E-002
  0.27190009990009989       -1.4456952237644208E-002
  0.27312487512487510       -1.4512870897572619E-002
  0.27434965034965031       -1.4568665475525110E-002
  0.27557442557442557       -1.4624335415080264E-002
  0.27679920079920078       -1.4679880159816664E-002
  0.27802397602397599       -1.4735299153312889E-002
  0.27924875124875120       -1.4790591839147530E-002
  0.28047352647352647       -1.4845757660899170E-002
  0.28169830169830168       -1.4900796062146384E-002
  0.28292307692307689       -1.4955706486467759E-002
  0.28414785214785215       -1.5010488377441884E-002
  0.28537262737262736       -1.5065141178647334E-002
  0.28659740259740257       -1.5119664333662698E-002
  0.28782217782217778       -1.5174057286066561E-002
  0.28904695304695305       -1.5228319479437497E-002
  0.29027172827172826       -1.5282450357354099E-002
  0.29149650349650347       -1.5336449363394950E-002
  0.29272127872127868       -1.5390315941138622E-002
  0.29394605394605394       -1.5444049534163709E-002
  0.29517082917082915       -1.5497649586048793E-002
  0.29639560439560436       -1.5551115540372454E-002
  0.29762037962037957       -1.5604446840713278E-002
  0.29884515484515484       -1.5657642930649848E-002
  0.30006993006993005       -1.5710703253760748E-002
  0.30129470529470526       -1.5763627253624554E-002
  0.30251948051948052       -1.5816414373819865E-002
  0.30374425574425573       -1.5869064057925247E-002
  0.30496903096903094       -1.5921575749519294E-002
  0.30619380619380615       -1.5973948892180585E-002
  0.30741858141858142       -1.6026182929487705E-002
  0.30864335664335663       -1.6078277305019237E-002
  0.30986813186813184       -1.6130231462353768E-002
  0.31109290709290705       -1.6182044845069871E-002
  0.31231768231768231       -1.6233716896746141E-002
  0.31354245754245752       -1.6285247060961155E-002
  0.31476723276723273       -1.6336634781293494E-002
  0.31599200799200799       -1.6387879501321749E-002
  0.31721678321678320       -1.6438980664624500E-002
  0.31844155844155841       -1.6489937714780325E-002
  0.31966633366633362       -1.6540750095367814E-002
  0.32089110889110889       -1.6591417249965549E-002
  0.32211588411588410       -1.6641938622152110E-002
  0.32334065934065931       -1.6692313655506084E-002
  0.32456543456543452       -1.6742541793606056E-002
  0.32579020979020978       -1.6792622480030602E-002
  0.32701498501498499       -1.6842555158358315E-002
  0.32823976023976020       -1.6892339272167763E-002
  0.32946453546453547       -1.6941974265037553E-002
  0.33068931068931068       -1.6991459580546243E-002
  0.33191408591408589       -1.7040794662272433E-002
  0.33313886113886110       -1.7089978953794698E-002
  0.33436363636363636       -1.7139011898691631E-002
  0.33558841158841157       -1.7187892940541804E-002
  0.33681318681318678       -1.7236621522923806E-002
  0.33803796203796199       -1.7285197089416220E-002
  0.33926273726273726       -1.7333619083597627E-002
  0.34048751248751247       -1.7381886949046618E-002
  0.34171228771228768       -1.7430000129341764E-002
  0.34293706293706289       -1.7477958068061655E-002
  0.34416183816183815       -1.7525760208784876E-002
  0.34538661338661336       -1.7573405995090011E-002
  0.34661138861138857       -1.7620894870555636E-002
  0.34783616383616384       -1.7668226278760343E-002
  0.34906093906093905       -1.7715399663282706E-002
  0.35028571428571426       -1.7762414467701316E-002
  0.35151048951048947       -1.7809270135594760E-002
  0.35273526473526473       -1.7855966110541608E-002
  0.35396003996003994       -1.7902501836120452E-002
  0.35518481518481515       -1.7948876755909875E-002
  0.35640959040959036       -1.7995090313488456E-002
  0.35763436563436563       -1.8041141952434787E-002
  0.35885914085914083       -1.8087031116327444E-002
  0.36008391608391604       -1.8132757248745010E-002
  0.36130869130869131       -1.8178319793266076E-002
  0.36253346653346652       -1.8223718193469213E-002
  0.36375824175824173       -1.8268951892933014E-002
  0.36498301698301694       -1.8314020335236058E-002
  0.36620779220779220       -1.8358922963956931E-002
  0.36743256743256741       -1.8403659222674215E-002
  0.36865734265734262       -1.8448228554966493E-002
  0.36988211788211783       -1.8492630404412350E-002
  0.37110689310689310       -1.8536864214590366E-002
  0.37233166833166831       -1.8580929429079129E-002
  0.37355644355644352       -1.8624825491457216E-002
  0.37478121878121873       -1.8668551845303215E-002
  0.37600599400599399       -1.8712107934195712E-002
  0.37723076923076920       -1.8755493201713283E-002
  0.37845554445554441       -1.8798707091434518E-002
  0.37968031968031968       -1.8841749046937993E-002
  0.38090509490509489       -1.8884618511802297E-002
  0.38212987012987010       -1.8927314929606011E-002
  0.38335464535464531       -1.8969837743927725E-002
  0.38457942057942057       -1.9012186398346009E-002
  0.38580419580419578       -1.9054360336439459E-002
  0.38702897102897099       -1.9096359001786647E-002
  0.38825374625374620       -1.9138181837966166E-002
  0.38947852147852147       -1.9179828288556598E-002
  0.39070329670329668       -1.9221297797136522E-002
  0.39192807192807189       -1.9262589807284524E-002
  0.39315284715284715       -1.9303703762579186E-002
  0.39437762237762236       -1.9344639106599091E-002
  0.39560239760239757       -1.9385395282922824E-002
  0.39682717282717278       -1.9425971735128968E-002
  0.39805194805194805       -1.9466367906796105E-002
  0.39927672327672326       -1.9506583241502819E-002
  0.40050149850149847       -1.9546617182827696E-002
  0.40172627372627367       -1.9586469174349315E-002
  0.40295104895104894       -1.9626138659646259E-002
  0.40417582417582415       -1.9665625082297120E-002
  0.40540059940059936       -1.9704927885880467E-002
  0.40662537462537457       -1.9744046513974895E-002
  0.40785014985014983       -1.9782980410158985E-002
  0.40907492507492504       -1.9821729018011318E-002
  0.41029970029970025       -1.9860291781110474E-002
  0.41152447552447552       -1.9898668143035043E-002
  0.41274925074925073       -1.9936857547363608E-002
  0.41397402597402594       -1.9974859437674748E-002
  0.41519880119880115       -2.0012673257547044E-002
  0.41642357642357641       -2.0050298450559091E-002
  0.41764835164835162       -2.0087734460289466E-002
  0.41887312687312683       -2.0124980730316745E-002
  0.42009790209790204       -2.0162036704219517E-002
  0.42132267732267731       -2.0198901825576369E-002
  0.42254745254745252       -2.0235575537965886E-002
  0.42377222777222773       -2.0272057284966640E-002
  0.42499700299700299       -2.0308346510157223E-002
  0.42622177822177820       -2.0344442657116213E-002
  0.42744655344655341       -2.0380345169422200E-002
  0.42867132867132862       -2.0416053490653761E-002
  0.42989610389610389       -2.0451567064389487E-002
  0.43112087912087910       -2.0486885334207949E-002
  0.43234565434565431       -2.0522007743687745E-002
  0.43357042957042952       -2.0556933736407448E-002
  0.43479520479520478       -2.0591662755945643E-002
  0.43601998001997999       -2.0626194245880917E-002
  0.43724475524475520       -2.0660527649791850E-002
  0.43846953046953041       -2.0694662411257024E-002
  0.43969430569430568       -2.0728597973855026E-002
  0.44091908091908089       -2.0762333781164440E-002
  0.44214385614385610       -2.0795869276763849E-002
  0.44336863136863136       -2.0829203904231829E-002
  0.44459340659340657       -2.0862337107146970E-002
  0.44581818181818178       -2.0895268329087859E-002
  0.44704295704295699       -2.0927997013633074E-002
  0.44826773226773226       -2.0960522604361195E-002
  0.44949250749250746       -2.0992844544850803E-002
  0.45071728271728267       -2.1024962278680500E-002
  0.45194205794205788       -2.1056875249428845E-002
  0.45316683316683315       -2.1088582900674446E-002
  0.45439160839160836       -2.1120084675995864E-002
  0.45561638361638357       -2.1151380018971697E-002
  0.45684115884115883       -2.1182468373180521E-002
  0.45806593406593404       -2.1213349182200920E-002
  0.45929070929070925       -2.1244021889611480E-002
  0.46051548451548446       -2.1274485938990780E-002
  0.46174025974025973       -2.1304740773917412E-002
  0.46296503496503494       -2.1334785837969949E-002
  0.46418981018981015       -2.1364620574726979E-002
  0.46541458541458536       -2.1394244427767092E-002
  0.46663936063936062       -2.1423656840668857E-002
  0.46786413586413583       -2.1452857257010866E-002
  0.46908891108891104       -2.1481845120371698E-002
  0.47031368631368631       -2.1510619874329943E-002
  0.47153846153846152       -2.1539180962464183E-002
  0.47276323676323673       -2.1567527828352993E-002
  0.47398801198801194       -2.1595659915574970E-002
  0.47521278721278720       -2.1623576667708689E-002
  0.47643756243756241       -2.1651277528332732E-002
  0.47766233766233762       -2.1678761941025682E-002
  0.47888711288711283       -2.1706029349366125E-002
  0.48011188811188810       -2.1733079196932650E-002
  0.48133666333666331       -2.1759910927303828E-002
  0.48256143856143852       -2.1786523984058250E-002
  0.48378621378621373       -2.1812917810774497E-002
  0.48501098901098899       -2.1839091851031157E-002
  0.48623576423576420       -2.1865045548406809E-002
  0.48746053946053941       -2.1890778346480032E-002
  0.48868531468531468       -2.1916289688829416E-002
  0.48991008991008989       -2.1941579019033545E-002
  0.49113486513486510       -2.1966645780670997E-002
  0.49235964035964030       -2.1991489417320358E-002
  0.49358441558441557       -2.2016109372560214E-002
  0.49480919080919078       -2.2040505089969145E-002
  0.49603396603396599       -2.2064676013125738E-002
  0.49725874125874120       -2.2088621585608568E-002
  0.49848351648351646       -2.2112341250996224E-002
  0.49970829170829167       -2.2135834452867292E-002
  0.50093306693306694       -2.2159100634800356E-002
  0.50215784215784209       -2.2182139240373985E-002
  0.50338261738261736       -2.2204949713166781E-002
  0.50460739260739262       -2.2227531496757318E-002
  0.50583216783216778       -2.2249884034724176E-002
  0.50705694305694304       -2.2272006770645954E-002
  0.50828171828171820       -2.2293899148101214E-002
  0.50950649350649346       -2.2315560610668559E-002
  0.51073126873126873       -2.2336990601926551E-002
  0.51195604395604388       -2.2358188565453789E-002
  0.51318081918081915       -2.2379153944828856E-002
  0.51440559440559441       -2.2399886183630330E-002
  0.51563036963036957       -2.2420384725436796E-002
  0.51685514485514483       -2.2440649013826842E-002
  0.51807992007992010       -2.2460678492379038E-002
  0.51930469530469525       -2.2480472604671984E-002
  0.52052947052947052       -2.2500030794284250E-002
  0.52175424575424567       -2.2519352504794424E-002
  0.52297902097902094       -2.2538437179781091E-002
  0.52420379620379620       -2.2557284262822840E-002
  0.52542857142857136       -2.2575893197498236E-002
  0.52665334665334662       -2.2594263427385880E-002
  0.52787812187812189       -2.2612394396064356E-002
  0.52910289710289704       -2.2630285547112231E-002
  0.53032767232767231       -2.2647936324108102E-002
  0.53155244755244746       -2.2665346170630547E-002
  0.53277722277722273       -2.2682514530258154E-002
  0.53400199800199799       -2.2699440846569493E-002
  0.53522677322677314       -2.2716124563143165E-002
  0.53645154845154841       -2.2732565123557744E-002
  0.53767632367632368       -2.2748761971391813E-002
  0.53890109890109883       -2.2764714550223962E-002
  0.54012587412587409       -2.2780422303632766E-002
  0.54135064935064936       -2.2795884675196814E-002
  0.54257542457542451       -2.2811101108494682E-002
  0.54380019980019978       -2.2826071047104962E-002
  0.54502497502497493       -2.2840793934606234E-002
  0.54624975024975020       -2.2855269214577079E-002
  0.54747452547452546       -2.2869496330596085E-002
  0.54869930069930062       -2.2883474726241828E-002
  0.54992407592407588       -2.2897203845092903E-002
  0.55114885114885115       -2.2910683130727885E-002
  0.55237362637362630       -2.2923912026725349E-002
  0.55359840159840157       -2.2936889976663894E-002
  0.55482317682317683       -2.2949616424122101E-002
  0.55604795204795199       -2.2962090812678550E-002
  0.55727272727272725       -2.2974312585911819E-002
  0.55849750249750241       -2.2986281187400499E-002
  0.55972227772227767       -2.2997996060723166E-002
  0.56094705294705294       -2.3009456649458415E-002
  0.56217182817182809       -2.3020662397184814E-002
  0.56339660339660336       -2.3031612747480959E-002
  0.56462137862137862       -2.3042307143925429E-002
  0.56584615384615378       -2.3052745030096800E-002
  0.56707092907092904       -2.3062925849573666E-002
  0.56829570429570431       -2.3072849045934610E-002
  0.56952047952047946       -2.3082514062758210E-002
  0.57074525474525473       -2.3091920343623049E-002
  0.57197002997002988       -2.3101067332107719E-002
  0.57319480519480515       -2.3109954471790799E-002
  0.57441958041958041       -2.3118581206250859E-002
  0.57564435564435557       -2.3126946979066504E-002
  0.57686913086913083       -2.3135051233816296E-002
  0.57809390609390610       -2.3142893414078835E-002
  0.57931868131868125       -2.3150472963432700E-002
  0.58054345654345652       -2.3157789325456469E-002
  0.58176823176823178       -2.3164841943728736E-002
  0.58299300699300693       -2.3171630261828068E-002
  0.58421778221778220       -2.3178153723333064E-002
  0.58544255744255735       -2.3184411771822303E-002
  0.58666733266733262       -2.3190403850874362E-002
  0.58789210789210788       -2.3196129404067827E-002
  0.58911688311688304       -2.3201587874981285E-002
  0.59034165834165830       -2.3206778707193319E-002
  0.59156643356643357       -2.3211701344282507E-002
  0.59279120879120872       -2.3216355229827443E-002
  0.59401598401598399       -2.3220739807406698E-002
  0.59524075924075914       -2.3224854520598862E-002
  0.59646553446553441       -2.3228698812982517E-002
  0.59769030969030967       -2.3232272128136243E-002
  0.59891508491508483       -2.3235573909638627E-002
  0.60013986013986009       -2.3238603601068254E-002
  0.60136463536463536       -2.3241360646003704E-002
  0.60258941058941051       -2.3243844488023562E-002
  0.60381418581418578       -2.3246054570706411E-002
  0.60503896103896104       -2.3247990337630840E-002
  0.60626373626373620       -2.3249651232375417E-002
  0.60748851148851146       -2.3251036698518735E-002
  0.60871328671328662       -2.3252146179639385E-002
  0.60993806193806188       -2.3252979119315932E-002
  0.61116283716283715       -2.3253534961126976E-002
  0.61238761238761230       -2.3253813148651090E-002
  0.61361238761238757       -2.3253813148651093E-002
  0.61483716283716283       -2.3253534961126976E-002
  0.61606193806193799       -2.3252979119315932E-002
  0.61728671328671325       -2.3252146179639385E-002
  0.61851148851148852       -2.3251036698518735E-002
  0.61973626373626367       -2.3249651232375417E-002
  0.62096103896103894       -2.3247990337630840E-002
  0.62218581418581409       -2.3246054570706415E-002
  0.62341058941058936       -2.3243844488023569E-002
  0.62463536463536462       -2.3241360646003704E-002
  0.62586013986013977       -2.3238603601068251E-002
  0.62708491508491504       -2.3235573909638624E-002
  0.62830969030969031       -2.3232272128136243E-002
  0.62953446553446546       -2.3228698812982514E-002
  0.63075924075924072       -2.3224854520598859E-002
  0.63198401598401599       -2.3220739807406698E-002
  0.63320879120879114       -2.3216355229827443E-002
  0.63443356643356641       -2.3211701344282507E-002
  0.63565834165834156       -2.3206778707193319E-002
  0.63688311688311683       -2.3201587874981288E-002
  0.63810789210789209       -2.3196129404067827E-002
  0.63933266733266725       -2.3190403850874362E-002
  0.64055744255744251       -2.3184411771822299E-002
  0.64178221778221778       -2.3178153723333064E-002
  0.64300699300699293       -2.3171630261828068E-002
  0.64423176823176820       -2.3164841943728736E-002
  0.64545654345654346       -2.3157789325456469E-002
  0.64668131868131862       -2.3150472963432700E-002
  0.64790609390609388       -2.3142893414078835E-002
  0.64913086913086904       -2.3135051233816296E-002
  0.65035564435564430       -2.3126946979066500E-002
  0.65158041958041957       -2.3118581206250859E-002
  0.65280519480519472       -2.3109954471790796E-002
  0.65402997002996999       -2.3101067332107719E-002
  0.65525474525474525       -2.3091920343623049E-002
  0.65647952047952041       -2.3082514062758210E-002
  0.65770429570429567       -2.3072849045934610E-002
  0.65892907092907094       -2.3062925849573666E-002
  0.66015384615384609       -2.3052745030096806E-002
  0.66137862137862136       -2.3042307143925429E-002
  0.66260339660339651       -2.3031612747480959E-002
  0.66382817182817178       -2.3020662397184814E-002
  0.66505294705294704       -2.3009456649458415E-002
  0.66627772227772220       -2.2997996060723166E-002
  0.66750249750249746       -2.2986281187400495E-002
  0.66872727272727273       -2.2974312585911819E-002
  0.66995204795204788       -2.2962090812678543E-002
  0.67117682317682315       -2.2949616424122101E-002
  0.67240159840159830       -2.2936889976663901E-002
  0.67362637362637356       -2.2923912026725356E-002
  0.67485114885114883       -2.2910683130727885E-002
  0.67607592407592398       -2.2897203845092907E-002
  0.67730069930069925       -2.2883474726241835E-002
  0.67852547452547451       -2.2869496330596085E-002
  0.67975024975024967       -2.2855269214577079E-002
  0.68097502497502493       -2.2840793934606234E-002
  0.68219980019980020       -2.2826071047104962E-002
  0.68342457542457535       -2.2811101108494682E-002
  0.68464935064935062       -2.2795884675196814E-002
  0.68587412587412577       -2.2780422303632770E-002
  0.68709890109890104       -2.2764714550223965E-002
  0.68832367632367630       -2.2748761971391813E-002
  0.68954845154845146       -2.2732565123557751E-002
  0.69077322677322672       -2.2716124563143165E-002
  0.69199800199800199       -2.2699440846569493E-002
  0.69322277722277714       -2.2682514530258147E-002
  0.69444755244755241       -2.2665346170630547E-002
  0.69567232767232767       -2.2647936324108102E-002
  0.69689710289710283       -2.2630285547112231E-002
  0.69812187812187809       -2.2612394396064356E-002
  0.69934665334665325       -2.2594263427385887E-002
  0.70057142857142851       -2.2575893197498240E-002
  0.70179620379620378       -2.2557284262822840E-002
  0.70302097902097893       -2.2538437179781094E-002
  0.70424575424575420       -2.2519352504794428E-002
  0.70547052947052946       -2.2500030794284250E-002
  0.70669530469530462       -2.2480472604671980E-002
  0.70792007992007988       -2.2460678492379038E-002
  0.70914485514485515       -2.2440649013826842E-002
  0.71036963036963030       -2.2420384725436802E-002
  0.71159440559440557       -2.2399886183630330E-002
  0.71281918081918072       -2.2379153944828856E-002
  0.71404395604395599       -2.2358188565453796E-002
  0.71526873126873125       -2.2336990601926551E-002
  0.71649350649350640       -2.2315560610668559E-002
  0.71771828171828167       -2.2293899148101221E-002
  0.71894305694305694       -2.2272006770645954E-002
  0.72016783216783209       -2.2249884034724186E-002
  0.72139260739260735       -2.2227531496757318E-002
  0.72261738261738262       -2.2204949713166781E-002
  0.72384215784215777       -2.2182139240373992E-002
  0.72506693306693304       -2.2159100634800356E-002
  0.72629170829170819       -2.2135834452867296E-002
  0.72751648351648346       -2.2112341250996228E-002
  0.72874125874125872       -2.2088621585608568E-002
  0.72996603396603388       -2.2064676013125738E-002
  0.73119080919080914       -2.2040505089969152E-002
  0.73241558441558441       -2.2016109372560214E-002
  0.73364035964035956       -2.1991489417320362E-002
  0.73486513486513483       -2.1966645780670997E-002
  0.73608991008990998       -2.1941579019033545E-002
  0.73731468531468525       -2.1916289688829416E-002
  0.73853946053946051       -2.1890778346480035E-002
  0.73976423576423567       -2.1865045548406809E-002
  0.74098901098901093       -2.1839091851031157E-002
  0.74221378621378620       -2.1812917810774501E-002
  0.74343856143856135       -2.1786523984058254E-002
  0.74466333666333662       -2.1759910927303828E-002
  0.74588811188811188       -2.1733079196932650E-002
  0.74711288711288704       -2.1706029349366128E-002
  0.74833766233766230       -2.1678761941025682E-002
  0.74956243756243746       -2.1651277528332732E-002
  0.75078721278721272       -2.1623576667708689E-002
  0.75201198801198799       -2.1595659915574973E-002
  0.75323676323676314       -2.1567527828353000E-002
  0.75446153846153841       -2.1539180962464183E-002
  0.75568631368631367       -2.1510619874329943E-002
  0.75691108891108883       -2.1481845120371702E-002
  0.75813586413586409       -2.1452857257010866E-002
  0.75936063936063936       -2.1423656840668857E-002
  0.76058541458541451       -2.1394244427767085E-002
  0.76181018981018978       -2.1364620574726982E-002
  0.76303496503496493       -2.1334785837969952E-002
  0.76425974025974019       -2.1304740773917415E-002
  0.76548451548451546       -2.1274485938990780E-002
  0.76670929070929061       -2.1244021889611480E-002
  0.76793406593406588       -2.1213349182200920E-002
  0.76915884115884114       -2.1182468373180521E-002
  0.77038361638361630       -2.1151380018971697E-002
  0.77160839160839156       -2.1120084675995868E-002
  0.77283316683316683       -2.1088582900674446E-002
  0.77405794205794198       -2.1056875249428855E-002
  0.77528271728271725       -2.1024962278680503E-002
  0.77650749250749240       -2.0992844544850814E-002
  0.77773226773226767       -2.0960522604361195E-002
  0.77895704295704293       -2.0927997013633067E-002
  0.78018181818181809       -2.0895268329087863E-002
  0.78140659340659335       -2.0862337107146977E-002
  0.78263136863136862       -2.0829203904231829E-002
  0.78385614385614377       -2.0795869276763853E-002
  0.78508091908091904       -2.0762333781164443E-002
  0.78630569430569430       -2.0728597973855026E-002
  0.78753046953046946       -2.0694662411257024E-002
  0.78875524475524472       -2.0660527649791847E-002
  0.78998001998001988       -2.0626194245880920E-002
  0.79120479520479514       -2.0591662755945647E-002
  0.79242957042957041       -2.0556933736407448E-002
  0.79365434565434556       -2.0522007743687749E-002
  0.79487912087912083       -2.0486885334207956E-002
  0.79610389610389609       -2.0451567064389487E-002
  0.79732867132867125       -2.0416053490653764E-002
  0.79855344655344651       -2.0380345169422200E-002
  0.79977822177822178       -2.0344442657116213E-002
  0.80100299700299693       -2.0308346510157223E-002
  0.80222777222777220       -2.0272057284966640E-002
  0.80345254745254735       -2.0235575537965886E-002
  0.80467732267732262       -2.0198901825576373E-002
  0.80590209790209788       -2.0162036704219521E-002
  0.80712687312687303       -2.0124980730316749E-002
  0.80835164835164830       -2.0087734460289466E-002
  0.80957642357642357       -2.0050298450559091E-002
  0.81080119880119872       -2.0012673257547048E-002
  0.81202597402597398       -1.9974859437674748E-002
  0.81325074925074914       -1.9936857547363608E-002
  0.81447552447552440       -1.9898668143035047E-002
  0.81570029970029967       -1.9860291781110477E-002
  0.81692507492507482       -1.9821729018011321E-002
  0.81814985014985009       -1.9782980410158989E-002
  0.81937462537462535       -1.9744046513974895E-002
  0.82059940059940051       -1.9704927885880474E-002
  0.82182417582417577       -1.9665625082297120E-002
  0.82304895104895104       -1.9626138659646259E-002
  0.82427372627372619       -1.9586469174349318E-002
  0.82549850149850146       -1.9546617182827696E-002
  0.82672327672327661       -1.9506583241502826E-002
  0.82794805194805188       -1.9466367906796105E-002
  0.82917282717282714       -1.9425971735128968E-002
  0.83039760239760230       -1.9385395282922824E-002
  0.83162237762237756       -1.9344639106599091E-002
  0.83284715284715283       -1.9303703762579186E-002
  0.83407192807192798       -1.9262589807284524E-002
  0.83529670329670325       -1.9221297797136525E-002
  0.83652147852147851       -1.9179828288556598E-002
  0.83774625374625367       -1.9138181837966169E-002
  0.83897102897102893       -1.9096359001786651E-002
  0.84019580419580409       -1.9054360336439459E-002
  0.84142057942057935       -1.9012186398346013E-002
  0.84264535464535462       -1.8969837743927725E-002
  0.84387012987012977       -1.8927314929606018E-002
  0.84509490509490504       -1.8884618511802301E-002
  0.84631968031968030       -1.8841749046937993E-002
  0.84754445554445546       -1.8798707091434521E-002
  0.84876923076923072       -1.8755493201713287E-002
  0.84999400599400599       -1.8712107934195712E-002
  0.85121878121878114       -1.8668551845303218E-002
  0.85244355644355641       -1.8624825491457220E-002
  0.85366833166833156       -1.8580929429079133E-002
  0.85489310689310682       -1.8536864214590370E-002
  0.85611788211788209       -1.8492630404412350E-002
  0.85734265734265724       -1.8448228554966497E-002
  0.85856743256743251       -1.8403659222674215E-002
  0.85979220779220777       -1.8358922963956931E-002
  0.86101698301698293       -1.8314020335236061E-002
  0.86224175824175819       -1.8268951892933018E-002
  0.86346653346653346       -1.8223718193469213E-002
  0.86469130869130861       -1.8178319793266080E-002
  0.86591608391608388       -1.8132757248745010E-002
  0.86714085914085903       -1.8087031116327444E-002
  0.86836563436563430       -1.8041141952434791E-002
  0.86959040959040956       -1.7995090313488459E-002
  0.87081518481518472       -1.7948876755909882E-002
  0.87203996003995998       -1.7902501836120452E-002
  0.87326473526473525       -1.7855966110541608E-002
  0.87448951048951040       -1.7809270135594760E-002
  0.87571428571428567       -1.7762414467701323E-002
  0.87693906093906082       -1.7715399663282713E-002
  0.87816383616383609       -1.7668226278760343E-002
  0.87938861138861135       -1.7620894870555636E-002
  0.88061338661338651       -1.7573405995090011E-002
  0.88183816183816177       -1.7525760208784880E-002
  0.88306293706293704       -1.7477958068061659E-002
  0.88428771228771219       -1.7430000129341768E-002
  0.88551248751248746       -1.7381886949046615E-002
  0.88673726273726272       -1.7333619083597627E-002
  0.88796203796203788       -1.7285197089416220E-002
  0.88918681318681314       -1.7236621522923809E-002
  0.89041158841158830       -1.7187892940541811E-002
  0.89163636363636356       -1.7139011898691634E-002
  0.89286113886113883       -1.7089978953794702E-002
  0.89408591408591398       -1.7040794662272440E-002
  0.89531068931068924       -1.6991459580546247E-002
  0.89653546453546451       -1.6941974265037553E-002
  0.89776023976023966       -1.6892339272167770E-002
  0.89898501498501493       -1.6842555158358315E-002
  0.90020979020979019       -1.6792622480030602E-002
  0.90143456543456535       -1.6742541793606059E-002
  0.90265934065934061       -1.6692313655506087E-002
  0.90388411588411577       -1.6641938622152117E-002
  0.90510889110889103       -1.6591417249965549E-002
  0.90633366633366630       -1.6540750095367818E-002
  0.90755844155844145       -1.6489937714780332E-002
  0.90878321678321672       -1.6438980664624504E-002
  0.91000799200799198       -1.6387879501321749E-002
  0.91123276723276714       -1.6336634781293498E-002
  0.91245754245754240       -1.6285247060961155E-002
  0.91368231768231767       -1.6233716896746141E-002
  0.91490709290709282       -1.6182044845069878E-002
  0.91613186813186809       -1.6130231462353768E-002
  0.91735664335664324       -1.6078277305019244E-002
  0.91858141858141851       -1.6026182929487709E-002
  0.91980619380619377       -1.5973948892180585E-002
  0.92103096903096893       -1.5921575749519298E-002
  0.92225574425574419       -1.5869064057925250E-002
  0.92348051948051946       -1.5816414373819865E-002
  0.92470529470529461       -1.5763627253624561E-002
  0.92593006993006988       -1.5710703253760748E-002
  0.92715484515484514       -1.5657642930649848E-002
  0.92837962037962030       -1.5604446840713283E-002
  0.92960439560439556       -1.5551115540372456E-002
  0.93082917082917072       -1.5497649586048795E-002
  0.93205394605394598       -1.5444049534163711E-002
  0.93327872127872125       -1.5390315941138624E-002
  0.93450349650349640       -1.5336449363394950E-002
  0.93572827172827167       -1.5282450357354104E-002
  0.93695304695304693       -1.5228319479437497E-002
  0.93817782217782208       -1.5174057286066564E-002
  0.93940259740259735       -1.5119664333662701E-002
  0.94062737262737262       -1.5065141178647334E-002
  0.94185214785214777       -1.5010488377441886E-002
  0.94307692307692303       -1.4955706486467761E-002
  0.94430169830169819       -1.4900796062146386E-002
  0.94552647352647345       -1.4845757660899172E-002
  0.94675124875124872       -1.4790591839147533E-002
  0.94797602397602387       -1.4735299153312896E-002
  0.94920079920079914       -1.4679880159816664E-002
  0.95042557442557440       -1.4624335415080264E-002
  0.95165034965034956       -1.4568665475525117E-002
  0.95287512487512482       -1.4512870897572621E-002
  0.95409990009989998       -1.4456952237644214E-002
  0.95532467532467524       -1.4400910052161296E-002
  0.95654945054945051       -1.4344744897545293E-002
  0.95777422577422566       -1.4288457330217620E-002
  0.95899900099900093       -1.4232047906599691E-002
  0.96022377622377619       -1.4175517183112921E-002
  0.96144855144855135       -1.4118865716178739E-002
  0.96267332667332661       -1.4062094062218547E-002
  0.96389810189810188       -1.4005202777653769E-002
  0.96512287712287703       -1.3948192418905823E-002
  0.96634765234765230       -1.3891063542396123E-002
  0.96757242757242745       -1.3833816704546085E-002
  0.96879720279720272       -1.3776452461777125E-002
  0.97002197802197798       -1.3718971370510655E-002
  0.97124675324675314       -1.3661373987168105E-002
  0.97247152847152840       -1.3603660868170884E-002
  0.97369630369630367       -1.3545832569940403E-002
  0.97492107892107882       -1.3487889648898096E-002
  0.97614585414585409       -1.3429832661465361E-002
  0.97737062937062935       -1.3371662164063622E-002
  0.97859540459540451       -1.3313378713114297E-002
  0.97982017982017977       -1.3254982865038801E-002
  0.98104495504495492       -1.3196475176258559E-002
  0.98226973026973019       -1.3137856203194968E-002
  0.98349450549450546       -1.3079126502269464E-002
  0.98471928071928061       -1.3020286629903453E-002
  0.98594405594405587       -1.2961337142518356E-002
  0.98716883116883114       -1.2902278596535586E-002
  0.98839360639360629       -1.2843111548376569E-002
  0.98961838161838156       -1.2783836554462708E-002
  0.99084315684315682       -1.2724454171215427E-002
  0.99206793206793198       -1.2664964955056146E-002
  0.99329270729270724       -1.2605369462406280E-002
  0.99451748251748240       -1.2545668249687243E-002
  0.99574225774225766       -1.2485861873320448E-002
  0.99696703296703293       -1.2425950889727314E-002
  0.99819180819180808       -1.2365935855329269E-002
  0.99941658341658335       -1.2305817326547716E-002
   1.0006413586413585       -1.2245595859804080E-002
   1.0018661338661339       -1.2185272011519763E-002
   1.0030909090909090       -1.2124846338116200E-002
   1.0043156843156842       -1.2064319396014805E-002
   1.0055404595404596       -1.2003691741636976E-002
   1.0067652347652347       -1.1942963931404154E-002
   1.0079900099900099       -1.1882136521737752E-002
   1.0092147852147852       -1.1821210069059162E-002
   1.0104395604395604       -1.1760185129789833E-002
   1.0116643356643356       -1.1699062260351164E-002
   1.0128891108891107       -1.1637842017164578E-002
   1.0141138861138861       -1.1576524956651475E-002
   1.0153386613386612       -1.1515111635233298E-002
   1.0165634365634364       -1.1453602609331454E-002
   1.0177882117882118       -1.1391998435367342E-002
   1.0190129870129869       -1.1330299669762406E-002
   1.0202377622377621       -1.1268506868938049E-002
   1.0214625374625375       -1.1206620589315680E-002
   1.0226873126873126       -1.1144641387316731E-002
   1.0239120879120878       -1.1082569819362615E-002
   1.0251368631368631       -1.1020406441874736E-002
   1.0263616383616383       -1.0958151811274535E-002
   1.0275864135864134       -1.0895806483983408E-002
   1.0288111888111888       -1.0833371016422767E-002
   1.0300359640359640       -1.0770845965014056E-002
   1.0312607392607391       -1.0708231886178672E-002
   1.0324855144855145       -1.0645529336338024E-002
   1.0337102897102897       -1.0582738871913550E-002
   1.0349350649350648       -1.0519861049326656E-002
   1.0361598401598402       -1.0456896424998750E-002
   1.0373846153846153       -1.0393845555351269E-002
   1.0386093906093905       -1.0330708996805618E-002
   1.0398341658341657       -1.0267487305783213E-002
   1.0410589410589410       -1.0204181038705462E-002
   1.0422837162837162       -1.0140790751993801E-002
   1.0435084915084913       -1.0077317002069637E-002
   1.0447332667332667       -1.0013760345354377E-002
   1.0459580419580419       -9.9501213382694586E-003
   1.0471828171828170       -9.8864005372362885E-003
   1.0484075924075924       -9.8225984986762688E-003
   1.0496323676323676       -9.7587157790108413E-003
   1.0508571428571427       -9.6947529346614134E-003
   1.0520819180819181       -9.6307105220493870E-003
   1.0533066933066932       -9.5665890975962023E-003
   1.0545314685314684       -9.5023892177232647E-003
   1.0557562437562438       -9.4381114388519798E-003
   1.0569810189810189       -9.3737563174037860E-003
   1.0582057942057941       -9.3093244098000922E-003
   1.0594305694305695       -9.2448162724623004E-003
   1.0606553446553446       -9.1802324618118492E-003
   1.0618801198801198       -9.1155735342701456E-003
   1.0631048951048949       -9.0508400462586073E-003
   1.0643296703296703       -8.9860325541986381E-003
   1.0655544455544455       -8.9211516145116798E-003
   1.0667792207792206       -8.8561977836191328E-003
   1.0680039960039960       -8.7911716179424060E-003
   1.0692287712287711       -8.7260736739029378E-003
   1.0704535464535463       -8.6609045079221354E-003
   1.0716783216783217       -8.5956646764214009E-003
   1.0729030969030968       -8.5303547358221762E-003
   1.0741278721278720       -8.4649752425458649E-003
   1.0753526473526474       -8.3995267530138744E-003
   1.0765774225774225       -8.3340098236476430E-003
   1.0778021978021977       -8.2684250108685780E-003
   1.0790269730269730       -8.2027728710980762E-003
   1.0802517482517482       -8.1370539607575881E-003
   1.0814765234765233       -8.0712688362685157E-003
   1.0827012987012987       -8.0054180540522595E-003
   1.0839260739260739       -7.9395021705302663E-003
   1.0851508491508490       -7.8735217421239349E-003
   1.0863756243756244       -7.8074773252546749E-003
   1.0876003996003996       -7.7413694763439223E-003
   1.0888251748251747       -7.6751987518130851E-003
   1.0900499500499499       -7.6089657080835784E-003
   1.0912747252747252       -7.5426709015768093E-003
   1.0924995004995004       -7.4763148887142172E-003
   1.0937242757242756       -7.4098982259172049E-003
   1.0949490509490509       -7.3434214696071779E-003
   1.0961738261738261       -7.2768851762055782E-003
   1.0973986013986012       -7.2102899021338112E-003
   1.0986233766233766       -7.1436362038132797E-003
   1.0998481518481518       -7.0769246376654249E-003
   1.1010729270729269       -7.0101557601116513E-003
   1.1022977022977023       -6.9433301275733618E-003
   1.1035224775224775       -6.8764482964720017E-003
   1.1047472527472526       -6.8095108232289724E-003
   1.1059720279720280       -6.7425182642656782E-003
   1.1071968031968031       -6.6754711760035621E-003
   1.1084215784215783       -6.6083701148640277E-003
   1.1096463536463537       -6.5412156372684771E-003
   1.1108711288711288       -6.4740082996383574E-003
   1.1120959040959040       -6.4067486583950662E-003
   1.1133206793206794       -6.3394372699600117E-003
   1.1145454545454545       -6.2720746907546339E-003
   1.1157702297702297       -6.2046614772003385E-003
   1.1169950049950048       -6.1371981857185421E-003
   1.1182197802197802       -6.0696853727306484E-003
   1.1194445554445553       -6.0021235946580969E-003
   1.1206693306693305       -5.9345134079222947E-003
   1.1218941058941059       -5.8668553689446455E-003
   1.1231188811188810       -5.7991500341465895E-003
   1.1243436563436562       -5.7313979599495331E-003
   1.1255684315684316       -5.6635997027748792E-003
   1.1267932067932067       -5.5957558190440687E-003
   1.1280179820179819       -5.5278668651785080E-003
   1.1292427572427572       -5.4599333975995984E-003
   1.1304675324675324       -5.3919559727287833E-003
   1.1316923076923076       -5.3239351469874683E-003
   1.1329170829170829       -5.2558714767970555E-003
   1.1341418581418581       -5.1877655185789866E-003
   1.1353666333666332       -5.1196178287546664E-003
   1.1365914085914086       -5.0514289637454985E-003
   1.1378161838161838       -4.9831994799729258E-003
   1.1390409590409589       -4.9149299338583519E-003
   1.1402657342657341       -4.8466208818231929E-003
   1.1414905094905095       -4.7782728802888532E-003
   1.1427152847152846       -4.7098864856767748E-003
   1.1439400599400598       -4.6414622544083614E-003
   1.1451648351648351       -4.5730007429050194E-003
   1.1463896103896103       -4.5045025075881864E-003
   1.1476143856143854       -4.4359681048792704E-003
   1.1488391608391608       -4.3673980911996734E-003
   1.1500639360639360       -4.2987930229708374E-003
   1.1512887112887111       -4.2301534566141670E-003
   1.1525134865134865       -4.1614799485510667E-003
   1.1537382617382617       -4.0927730552029777E-003
   1.1549630369630368       -4.0240333329913044E-003
   1.1561878121878122       -3.9552613383374499E-003
   1.1574125874125873       -3.8864576276628582E-003
   1.1586373626373625       -3.8176227573889312E-003
   1.1598621378621379       -3.7487572839370749E-003
   1.1610869130869130       -3.6798617637287287E-003
   1.1623116883116882       -3.6109367531852996E-003
   1.1635364635364636       -3.5419828087281894E-003
   1.1647612387612387       -3.4730004867788416E-003
   1.1659860139860139       -3.4039903437586587E-003
   1.1672107892107890       -3.3349529360890582E-003
   1.1684355644355644       -3.2658888201914445E-003
   1.1696603396603396       -3.1967985524872593E-003
   1.1708851148851147       -3.1276826893979061E-003
   1.1721098901098901       -3.0585417873447902E-003
   1.1733346653346652       -2.9893764027493523E-003
   1.1745594405594404       -2.9201870920329974E-003
   1.1757842157842158       -2.8509744116171280E-003
   1.1770089910089909       -2.7817389179231882E-003
   1.1782337662337661       -2.7124811673725807E-003
   1.1794585414585415       -2.6432017163867095E-003
   1.1806833166833166       -2.5739011213870167E-003
   1.1819080919080918       -2.5045799387949071E-003
   1.1831328671328671       -2.4352387250317843E-003
   1.1843576423576423       -2.3658780365190895E-003
   1.1855824175824174       -2.2964984296782284E-003
   1.1868071928071928       -2.2271004609306028E-003
   1.1880319680319680       -2.1576846866976571E-003
   1.1892567432567431       -2.0882516634007937E-003
   1.1904815184815183       -2.0188019474614289E-003
   1.1917062937062937       -1.9493360953009688E-003
   1.1929310689310688       -1.8798546633408534E-003
   1.1941558441558440       -1.8103582080024878E-003
   1.1953806193806193       -1.7408472857072758E-003
   1.1966053946053945       -1.6713224528766592E-003
   1.1978301698301697       -1.6017842659320420E-003
   1.1990549450549450       -1.5322332812948286E-003
   1.2002797202797202       -1.4626700553864603E-003
   1.2015044955044953       -1.3930951446283423E-003
   1.2027292707292707       -1.3235091054418775E-003
   1.2039540459540459       -1.2539124942485085E-003
   1.2051788211788210       -1.1843058674696390E-003
   1.2064035964035964       -1.1146897815266733E-003
   1.2076283716283716       -1.0450647928410535E-003
   1.2088531468531467       -9.7543145783418291E-004
   1.2100779220779221       -9.0579033292746659E-004
   1.2113026973026972       -8.3614197454234579E-004
   1.2125274725274724       -7.6648693910022470E-004
   1.2137522477522478       -6.9682578302250739E-004
   1.2149770229770229       -6.2715906273063608E-004
   1.2162017982017981       -5.5748733464601441E-004
   1.2174265734265732       -4.8781115519005937E-004
   1.2186513486513486       -4.1813108078417489E-004
   1.2198761238761238       -3.4844766784980291E-004
   1.2211008991008989       -2.7876147280834747E-004
   1.2223256743256743       -2.0907305208121268E-004
   1.2235504495504494       -1.3938296208984048E-004
   1.2247752247752246       -6.9691759255634906E-005
   1.2260000000000000        0.0000000000000000     
