#abscisse               ordonnée
   0.0000000000000000        0.0000000000000000     
   6.6622251832111927E-004  -6.6577866587715225E-004
   1.3324450366422385E-003  -1.3306696268664683E-003
   1.9986675549633578E-003  -1.9946728829679412E-003
   2.6648900732844771E-003  -2.6577884341815921E-003
   3.3311125916055963E-003  -3.3200162805073988E-003
   3.9973351099267156E-003  -3.9813564219453564E-003
   4.6635576282478344E-003  -4.6418088584954968E-003
   5.3297801465689541E-003  -5.3013735901578018E-003
   5.9960026648900738E-003  -5.9600506169322724E-003
   6.6622251832111927E-003  -6.6178399388188902E-003
   7.3284477015323115E-003  -7.2747415558176865E-003
   7.9946702198534312E-003  -7.9307554679286085E-003
   8.6608927381745509E-003  -8.5858816751517558E-003
   9.3271152564956689E-003  -9.2401201774870139E-003
   9.9933377748167886E-003  -9.8934709749344540E-003
   1.0659560293137908E-002  -1.0545934067494085E-002
   1.1325782811459028E-002  -1.1197509455165856E-002
   1.1992005329780148E-002  -1.1848197137949793E-002
   1.2658227848101266E-002  -1.2497997115845878E-002
   1.3324450366422385E-002  -1.3146909388854154E-002
   1.3990672884743505E-002  -1.3794933956974563E-002
   1.4656895403064623E-002  -1.4442070820207185E-002
   1.5323117921385743E-002  -1.5088319978551945E-002
   1.5989340439706862E-002  -1.5733681432008841E-002
   1.6655562958027982E-002  -1.6378155180577957E-002
   1.7321785476349102E-002  -1.7021741224259222E-002
   1.7988007994670221E-002  -1.7664439563052518E-002
   1.8654230512991338E-002  -1.8306250196958182E-002
   1.9320453031312457E-002  -1.8947173125975974E-002
   1.9986675549633577E-002  -1.9587208350105821E-002
   2.0652898067954697E-002  -2.0226355869347946E-002
   2.1319120586275817E-002  -2.0864615683702167E-002
   2.1985343104596936E-002  -2.1501987793168555E-002
   2.2651565622918056E-002  -2.2138472197747117E-002
   2.3317788141239176E-002  -2.2774068897437941E-002
   2.3984010659560295E-002  -2.3408777892240794E-002
   2.4650233177881412E-002  -2.4042599182155785E-002
   2.5316455696202531E-002  -2.4675532767183001E-002
   2.5982678214523651E-002  -2.5307578647322460E-002
   2.6648900732844771E-002  -2.5938736822573971E-002
   2.7315123251165890E-002  -2.6569007292937642E-002
   2.7981345769487010E-002  -2.7198390058413551E-002
   2.8647568287808130E-002  -2.7826885119001579E-002
   2.9313790806129246E-002  -2.8454492474701852E-002
   2.9980013324450366E-002  -2.9081212125514174E-002
   3.0646235842771485E-002  -2.9707044071438725E-002
   3.1312458361092609E-002  -3.0331988312475484E-002
   3.1978680879413725E-002  -3.0956044848624211E-002
   3.2644903397734841E-002  -3.1579213679885351E-002
   3.3311125916055964E-002  -3.2201494806258529E-002
   3.3977348434377080E-002  -3.2822888227743853E-002
   3.4643570952698204E-002  -3.3443393944341412E-002
   3.5309793471019320E-002  -3.4063011956051013E-002
   3.5976015989340443E-002  -3.4681742262872725E-002
   3.6642238507661559E-002  -3.5299584864806881E-002
   3.7308461025982675E-002  -3.5916539761853015E-002
   3.7974683544303799E-002  -3.6532606954011476E-002
   3.8640906062624915E-002  -3.7147786441281916E-002
   3.9307128580946038E-002  -3.7762078223664557E-002
   3.9973351099267154E-002  -3.8375482301159371E-002
   4.0639573617588277E-002  -3.8987998673766414E-002
   4.1305796135909394E-002  -3.9599627341485394E-002
   4.1972018654230517E-002  -4.0210368304316749E-002
   4.2638241172551633E-002  -4.0820221562260270E-002
   4.3304463690872749E-002  -4.1429187115316027E-002
   4.3970686209193872E-002  -4.2037264963483721E-002
   4.4636908727514989E-002  -4.2644455106763679E-002
   4.5303131245836112E-002  -4.3250757545155859E-002
   4.5969353764157228E-002  -4.3856172278660080E-002
   4.6635576282478351E-002  -4.4460699307276655E-002
   4.7301798800799467E-002  -4.5064338631005257E-002
   4.7968021319120591E-002  -4.5667090249845950E-002
   4.8634243837441707E-002  -4.6268954163798934E-002
   4.9300466355762823E-002  -4.6869930372863966E-002
   4.9966688874083946E-002  -4.7470018877041310E-002
   5.0632911392405063E-002  -4.8069219676330696E-002
   5.1299133910726186E-002  -4.8667532770732255E-002
   5.1965356429047302E-002  -4.9264958160246085E-002
   5.2631578947368425E-002  -4.9861495844871977E-002
   5.3297801465689541E-002  -5.0457145824610042E-002
   5.3964023984010658E-002  -5.1051908099460266E-002
   5.4630246502331781E-002  -5.1645782669422720E-002
   5.5296469020652897E-002  -5.2238769534497527E-002
   5.5962691538974020E-002  -5.2830868694684140E-002
   5.6628914057295136E-002  -5.3422080149982953E-002
   5.7295136575616259E-002  -5.4012403900394038E-002
   5.7961359093937376E-002  -5.4601839945917316E-002
   5.8627581612258492E-002  -5.5190388286552788E-002
   5.9293804130579615E-002  -5.5778048922300337E-002
   5.9960026648900731E-002  -5.6364821853159996E-002
   6.0626249167221855E-002  -5.6950707079131982E-002
   6.1292471685542971E-002  -5.7535704600216085E-002
   6.1958694203864094E-002  -5.8119814416412285E-002
   6.2624916722185217E-002  -5.8703036527720846E-002
   6.3291139240506333E-002  -5.9285370934141345E-002
   6.3957361758827450E-002  -5.9866817635673933E-002
   6.4623584277148566E-002  -6.0447376632319007E-002
   6.5289806795469682E-002  -6.1027047924076011E-002
   6.5956029313790812E-002  -6.1605831510945105E-002
   6.6622251832111928E-002  -6.2183727392926672E-002
   6.7288474350433045E-002  -6.2760735570020126E-002
   6.7954696868754161E-002  -6.3336856042225886E-002
   6.8620919387075291E-002  -6.3912088809543827E-002
   6.9287141905396407E-002  -6.4486433871973822E-002
   6.9953364423717523E-002  -6.5059891229515956E-002
   7.0619586942038640E-002  -6.5632460882170368E-002
   7.1285809460359756E-002  -6.6204142829936863E-002
   7.1952031978680886E-002  -6.6774937072815399E-002
   7.2618254497002002E-002  -6.7344843610806449E-002
   7.3284477015323118E-002  -6.7913862443909317E-002
   7.3950699533644235E-002  -6.8481993572124644E-002
   7.4616922051965351E-002  -6.9049236995452012E-002
   7.5283144570286481E-002  -6.9615592713891547E-002
   7.5949367088607597E-002  -7.0181060727443192E-002
   7.6615589606928713E-002  -7.0745641036106921E-002
   7.7281812125249830E-002  -7.1309333639883093E-002
   7.7948034643570960E-002  -7.1872138538771266E-002
   7.8614257161892076E-002  -7.2434055732771466E-002
   7.9280479680213192E-002  -7.2995085221884054E-002
   7.9946702198534308E-002  -7.3555227006108698E-002
   8.0612924716855425E-002  -7.4114481085445619E-002
   8.1279147235176555E-002  -7.4672847459894692E-002
   8.1945369753497671E-002  -7.5230326129455766E-002
   8.2611592271818787E-002  -7.5786917094128950E-002
   8.3277814790139904E-002  -7.6342620353914550E-002
   8.3944037308461034E-002  -7.6897435908812165E-002
   8.4610259826782150E-002  -7.7451363758822001E-002
   8.5276482345103266E-002  -7.8004403903944156E-002
   8.5942704863424382E-002  -7.8556556344177991E-002
   8.6608927381745499E-002  -7.9107821079524521E-002
   8.7275149900066629E-002  -7.9658198109982897E-002
   8.7941372418387745E-002  -8.0207687435553593E-002
   8.8607594936708861E-002  -8.0756289056236413E-002
   8.9273817455029977E-002  -8.1304002972031456E-002
   8.9940039973351107E-002  -8.1850829182938442E-002
   9.0606262491672224E-002  -8.2396767688957803E-002
   9.1272485009993340E-002  -8.2941818490089234E-002
   9.1938707528314456E-002  -8.3485981586332858E-002
   9.2604930046635572E-002  -8.4029256977688524E-002
   9.3271152564956702E-002  -8.4571644664156509E-002
   9.3937375083277819E-002  -8.5113144645736591E-002
   9.4603597601598935E-002  -8.5653756922429006E-002
   9.5269820119920051E-002  -8.6193481494233046E-002
   9.5936042638241181E-002  -8.6732318361149752E-002
   9.6602265156562298E-002  -8.7270267523178527E-002
   9.7268487674883414E-002  -8.7807328980319649E-002
   9.7934710193204530E-002  -8.8343502732572576E-002
   9.8600932711525646E-002  -8.8878788779937726E-002
   9.9267155229846776E-002  -8.9413187122415139E-002
   9.9933377748167893E-002  -8.9946697760004551E-002
  0.10059960026648901       -9.0479320692706228E-002
  0.10126582278481013       -9.1011055920520070E-002
  0.10193204530313124       -9.1541903443446176E-002
  0.10259826782145237       -9.2071863261484338E-002
  0.10326449033977349       -9.2600935374634735E-002
  0.10393071285809460       -9.3129119782897188E-002
  0.10459693537641572       -9.3656416486271585E-002
  0.10526315789473685       -9.4182825484758786E-002
  0.10592938041305797       -9.4708346778357780E-002
  0.10659560293137908       -9.5232980367068773E-002
  0.10726182544970020       -9.5756726250892266E-002
  0.10792804796802132       -9.6279584429827411E-002
  0.10859427048634245       -9.6801554903875237E-002
  0.10926049300466356       -9.7322637673035131E-002
  0.10992671552298468       -9.7842832737306956E-002
  0.11059293804130579       -9.8362140096691322E-002
  0.11125916055962692       -9.8880559751187674E-002
  0.11192538307794804       -9.9398091700796054E-002
  0.11259160559626916       -9.9914735945516781E-002
  0.11325782811459027      -0.10043049248534940     
  0.11392405063291139      -0.10094536132029440     
  0.11459027315123252      -0.10145934245035138     
  0.11525649566955364      -0.10197243587552078     
  0.11592271818787475      -0.10248464159580209     
  0.11658894070619587      -0.10299595961119581     
  0.11725516322451698      -0.10350638992170166     
  0.11792138574283811      -0.10401593252731983     
  0.11858760826115923      -0.10452458742804968     
  0.11925383077948035      -0.10503235462389206     
  0.11992005329780146      -0.10553923411484617     
  0.12058627581612259      -0.10604522590091293     
  0.12125249833444371      -0.10655032998209162     
  0.12191872085276483      -0.10705454635838269     
  0.12258494337108594      -0.10755787502978567     
  0.12325116588940706      -0.10806031599630118     
  0.12391738840772819      -0.10856186925792828     
  0.12458361092604930      -0.10906253481466786     
  0.12524983344437043      -0.10956231266651983     
  0.12591605596269154      -0.11006120281348350     
  0.12658227848101267      -0.11055920525555966     
  0.12724850099933377      -0.11105631999274801     
  0.12791472351765490      -0.11155254702504815     
  0.12858094603597603      -0.11204788635246080     
  0.12924716855429713      -0.11254233797498552     
  0.12991339107261826      -0.11303590189262197     
  0.13057961359093936      -0.11352857810537141     
  0.13124583610926049      -0.11402036661323278     
  0.13191205862758162      -0.11451126741620582     
  0.13257828114590273      -0.11500128051429155     
  0.13324450366422386      -0.11549040590748924     
  0.13391072618254496      -0.11597864359579885     
  0.13457694870086609      -0.11646599357922101     
  0.13524317121918722      -0.11695245585775549     
  0.13590939373750832      -0.11743803043140132     
  0.13657561625582945      -0.11792271730016030     
  0.13724183877415058      -0.11840651646403073     
  0.13790806129247168      -0.11888942792301369     
  0.13857428381079281      -0.11937145167710871     
  0.13924050632911392      -0.11985258772631581     
  0.13990672884743505      -0.12033283607063494     
  0.14057295136575618      -0.12081219671006639     
  0.14123917388407728      -0.12129066964461027     
  0.14190539640239841      -0.12176825487426596     
  0.14257161892071951      -0.12224495239903400     
  0.14323784143904064      -0.12272076221891394     
  0.14390406395736177      -0.12319568433390554     
  0.14457028647568287      -0.12366971874401057     
  0.14523650899400400      -0.12414286544922730     
  0.14590273151232511      -0.12461512444955607     
  0.14656895403064624      -0.12508649574499703     
  0.14723517654896737      -0.12555697933555027     
  0.14790139906728847      -0.12602657522121538     
  0.14856762158560960      -0.12649528340199270     
  0.14923384410393070      -0.12696310387788237     
  0.14990006662225183      -0.12743003664888405     
  0.15056628914057296      -0.12789608171499811     
  0.15123251165889406      -0.12836123907622371     
  0.15189873417721519      -0.12882550873256246     
  0.15256495669553632      -0.12928889068401236     
  0.15323117921385743      -0.12975138493057498     
  0.15389740173217856      -0.13021299147224993     
  0.15456362425049966      -0.13067371030903657     
  0.15522984676882079      -0.13113354144093581     
  0.15589606928714192      -0.13159248486794703     
  0.15656229180546302      -0.13205054059007026     
  0.15722851432378415      -0.13250770860730587     
  0.15789473684210525      -0.13296398891965361     
  0.15856095936042638      -0.13341938152711319     
  0.15922718187874751      -0.13387388642968556     
  0.15989340439706862      -0.13432750362736956     
  0.16055962691538975      -0.13478023312016590     
  0.16122584943371085      -0.13523207490807465     
  0.16189207195203198      -0.13568302899109519     
  0.16255829447035311      -0.13613309536922796     
  0.16322451698867421      -0.13658227404247308     
  0.16389073950699534      -0.13703056501083019     
  0.16455696202531647      -0.13747796827429962     
  0.16522318454363757      -0.13792448383288122     
  0.16588940706195870      -0.13837011168657484     
  0.16655562958027981      -0.13881485183538048     
  0.16722185209860094      -0.13925870427929860     
  0.16788807461692207      -0.13970166901832873     
  0.16855429713524317      -0.14014374605247124     
  0.16922051965356430      -0.14058493538172576     
  0.16988674217188540      -0.14102523700609204     
  0.17055296469020653      -0.14146465092557076     
  0.17121918720852766      -0.14190317714016201     
  0.17188540972684876      -0.14234081564986539     
  0.17255163224516989      -0.14277756645468026     
  0.17321785476349100      -0.14321342955460772     
  0.17388407728181213      -0.14364840494964756     
  0.17455029980013326      -0.14408249263979936     
  0.17521652231845436      -0.14451569262506361     
  0.17588274483677549      -0.14494800490543969     
  0.17654896735509659      -0.14537942948092764     
  0.17721518987341772      -0.14580996635152840     
  0.17788141239173885      -0.14623961551724082     
  0.17854763491005995      -0.14666837697806598     
  0.17921385742838108      -0.14709625073400276     
  0.17988007994670221      -0.14752323678505203     
  0.18054630246502332      -0.14794933513121264     
  0.18121252498334445      -0.14837454577248690     
  0.18187874750166555      -0.14879886870887221     
  0.18254497001998668      -0.14922230394037039     
  0.18321119253830781      -0.14964485146698006     
  0.18387741505662891      -0.15006651128870238     
  0.18454363757495004      -0.15048728340553646     
  0.18520986009327114      -0.15090716781748312     
  0.18587608261159227      -0.15132616452454153     
  0.18654230512991340      -0.15174427352671246     
  0.18720852764823451      -0.15216149482399569     
  0.18787475016655564      -0.15257782841639034     
  0.18854097268487674      -0.15299327430389811     
  0.18920719520319787      -0.15340783248651724     
  0.18987341772151900      -0.15382150296424868     
  0.19053964023984010      -0.15423428573709247     
  0.19120586275816123      -0.15464618080504836     
  0.19187208527648236      -0.15505718816811651     
  0.19253830779480346      -0.15546730782629750     
  0.19320453031312460      -0.15587653977958976     
  0.19387075283144570      -0.15628488402799387     
  0.19453697534976683      -0.15669234057151088     
  0.19520319786808796      -0.15709890941013976     
  0.19586942038640906      -0.15750459054388091     
  0.19653564290473019      -0.15790938397273419     
  0.19720186542305129      -0.15831328969669961     
  0.19786808794137242      -0.15871630771577724     
  0.19853431045969355      -0.15911843802996695     
  0.19920053297801465      -0.15951968063926872     
  0.19986675549633579      -0.15992003554368234     
  0.20053297801465689      -0.16031950274320864     
  0.20119920053297802      -0.16071808223784728     
  0.20186542305129915      -0.16111577402759758     
  0.20253164556962025      -0.16151257811246073     
  0.20319786808794138      -0.16190849449243555     
  0.20386409060626248      -0.16230352316752247     
  0.20453031312458361      -0.16269766413772130     
  0.20519653564290474      -0.16309091740303308     
  0.20586275816122585      -0.16348328296345624     
  0.20652898067954698      -0.16387476081899177     
  0.20719520319786811      -0.16426535096964007     
  0.20786142571618921      -0.16465505341539954     
  0.20852764823451034      -0.16504386815627170     
  0.20919387075283144      -0.16543179519225640     
  0.20986009327115257      -0.16581883452335278     
  0.21052631578947370      -0.16620498614956161     
  0.21119253830779480      -0.16659025007088241     
  0.21185876082611593      -0.16697462628731563     
  0.21252498334443704      -0.16735811479886031     
  0.21319120586275817      -0.16774071560551806     
  0.21385742838107930      -0.16812242870728733     
  0.21452365089940040      -0.16850325410416894     
  0.21518987341772153      -0.16888319179616276     
  0.21585609593604263      -0.16926224178327096     
  0.21652231845436376      -0.16964040406548744     
  0.21718854097268489      -0.17001767864281733     
  0.21785476349100599      -0.17039406551525996     
  0.21852098600932712      -0.17076956468281462     
  0.21918720852764823      -0.17114417614548108     
  0.21985343104596936      -0.17151789990326008     
  0.22051965356429049      -0.17189073595615165     
  0.22118587608261159      -0.17226268430415467     
  0.22185209860093272      -0.17263374494727027     
  0.22251832111925385      -0.17300391788549793     
  0.22318454363757495      -0.17337320311883767     
  0.22385076615589608      -0.17374160064728961     
  0.22451698867421718      -0.17410911047085328     
  0.22518321119253831      -0.17447573258952995     
  0.22584943371085944      -0.17484146700331818     
  0.22651565622918055      -0.17520631371221917     
  0.22718187874750168      -0.17557027271623113     
  0.22784810126582278      -0.17593334401535679     
  0.22851432378414391      -0.17629552760959327     
  0.22918054630246504      -0.17665682349894268     
  0.22984676882078614      -0.17701723168340427     
  0.23051299133910727      -0.17737675216297780     
  0.23117921385742837      -0.17773538493766367     
  0.23184543637574950      -0.17809313000746088     
  0.23251165889407063      -0.17844998737237147     
  0.23317788141239174      -0.17880595703239391     
  0.23384410393071287      -0.17916103898752794     
  0.23451032644903397      -0.17951523323777471     
  0.23517654896735510      -0.17986853978313339     
  0.23584277148567623      -0.18022095862360415     
  0.23650899400399733      -0.18057248975918766     
  0.23717521652231846      -0.18092313318988235     
  0.23784143904063959      -0.18127288891569010     
  0.23850766155896069      -0.18162175693660934     
  0.23917388407728182      -0.18196973725264098     
  0.23984010659560293      -0.18231682986378484     
  0.24050632911392406      -0.18266303477004012     
  0.24117255163224519      -0.18300835197140883     
  0.24183877415056629      -0.18335278146788905     
  0.24250499666888742      -0.18369632325948157     
  0.24317121918720852      -0.18403897734618593     
  0.24383744170552965      -0.18438074372800300     
  0.24450366422385078      -0.18472162240493165     
  0.24516988674217188      -0.18506161337697311     
  0.24583610926049301      -0.18540071664412644     
  0.24650233177881412      -0.18573893220639212     
  0.24716855429713525      -0.18607626006376959     
  0.24783477681545638      -0.18641270021625972     
  0.24850099933377748      -0.18674825266386144     
  0.24916722185209861      -0.18708291740657584     
  0.24983344437041974      -0.18741669444440151     
  0.25049966688874087      -0.18774958377734002     
  0.25116588940706197      -0.18808158540539111     
  0.25183211192538307      -0.18841269932855392     
  0.25249833444370418      -0.18874292554682859     
  0.25316455696202533      -0.18907226406021571     
  0.25383077948034644      -0.18940071486871504     
  0.25449700199866754      -0.18972827797232655     
  0.25516322451698870      -0.19005495337105019     
  0.25582944703530980      -0.19038074106488589     
  0.25649566955363090      -0.19070564105383378     
  0.25716189207195206      -0.19102965333789412     
  0.25782811459027316      -0.19135277791706601     
  0.25849433710859426      -0.19167501479135068     
  0.25916055962691542      -0.19199636396074704     
  0.25982678214523652      -0.19231682542525649     
  0.26049300466355763      -0.19263639918487691     
  0.26115922718187873      -0.19295508523960964     
  0.26182544970019989      -0.19327288358945452     
  0.26249167221852099      -0.19358979423441164     
  0.26315789473684209      -0.19390581717448149     
  0.26382411725516325      -0.19422095240966397     
  0.26449033977348435      -0.19453519993995727     
  0.26515656229180545      -0.19484855976536333     
  0.26582278481012661      -0.19516103188588152     
  0.26648900732844771      -0.19547261630151208     
  0.26715522984676882      -0.19578331301225410     
  0.26782145236508992      -0.19609312201810916     
  0.26848767488341108      -0.19640204331907563     
  0.26915389740173218      -0.19671007691515466     
  0.26982011992005328      -0.19701722280634643     
  0.27048634243837444      -0.19732348099264926     
  0.27115256495669554      -0.19762885147406498     
  0.27181878747501664      -0.19793333425059309     
  0.27248500999333780      -0.19823692932223280     
  0.27315123251165890      -0.19853963668898547     
  0.27381745502998001      -0.19884145635084854     
  0.27448367754830116      -0.19914238830782507     
  0.27514990006662227      -0.19944243255991342     
  0.27581612258494337      -0.19974158910711431     
  0.27648234510326447      -0.20003985794942708     
  0.27714856762158563      -0.20033723908685189     
  0.27781479013990673      -0.20063373251938924     
  0.27848101265822783      -0.20092933824703843     
  0.27914723517654899      -0.20122405626979967     
  0.27981345769487009      -0.20151788658767342     
  0.28047968021319120      -0.20181082920065957     
  0.28114590273151235      -0.20210288410875754     
  0.28181212524983346      -0.20239405131196783     
  0.28247834776815456      -0.20268433081029005     
  0.28314457028647566      -0.20297372260372490     
  0.28381079280479682      -0.20326222669227134     
  0.28447701532311792      -0.20354984307593030     
  0.28514323784143902      -0.20383657175470110     
  0.28580946035976018      -0.20412241272858395     
  0.28647568287808128      -0.20440736599757978     
  0.28714190539640239      -0.20469143156168723     
  0.28780812791472354      -0.20497460942090512     
  0.28847435043304465      -0.20525689957523899     
  0.28914057295136575      -0.20553830202468257     
  0.28980679546968691      -0.20581881676923924     
  0.29047301798800801      -0.20609844380890741     
  0.29113924050632911      -0.20637718314368789     
  0.29180546302465021      -0.20665503477358041     
  0.29247168554297137      -0.20693199869858542     
  0.29313790806129247      -0.20720807491870236     
  0.29380413057961358      -0.20748326343393156     
  0.29447035309793473      -0.20775756424427264     
  0.29513657561625584      -0.20803097734972772     
  0.29580279813457694      -0.20830350275029191     
  0.29646902065289810      -0.20857514044596948     
  0.29713524317121920      -0.20884589043675941     
  0.29780146568954030      -0.20911575272266167     
  0.29846768820786140      -0.20938472730367597     
  0.29913391072618256      -0.20965281417980244     
  0.29980013324450366      -0.20992001335104132     
  0.30046635576282477      -0.21018632481739169     
  0.30113257828114592      -0.21045174857885465     
  0.30179880079946703      -0.21071628463542919     
  0.30246502331778813      -0.21097993298711687     
  0.30313124583610929      -0.21124269363391637     
  0.30379746835443039      -0.21150456657582800     
  0.30446369087275149      -0.21176555181285131     
  0.30512991339107265      -0.21202564934498772     
  0.30579613590939375      -0.21228485917223575     
  0.30646235842771485      -0.21254318129459521     
  0.30712858094603596      -0.21280061571206774     
  0.30779480346435711      -0.21305716242465231     
  0.30846102598267822      -0.21331282143234831     
  0.30912724850099932      -0.21356759273515791     
  0.30979347101932048      -0.21382147633307838     
  0.31045969353764158      -0.21407447222611192     
  0.31112591605596268      -0.21432658041425739     
  0.31179213857428384      -0.21457780089751424     
  0.31245836109260494      -0.21482813367588408     
  0.31312458361092604      -0.21507757874936573     
  0.31379080612924720      -0.21532613611795964     
  0.31445702864756830      -0.21557380578166613     
  0.31512325116588941      -0.21582058774048413     
  0.31578947368421051      -0.21606648199441469     
  0.31645569620253167      -0.21631148854345753     
  0.31712191872085277      -0.21655560738761218     
  0.31778814123917387      -0.21679883852687951     
  0.31845436375749503      -0.21704118196125885     
  0.31912058627581613      -0.21728263769074990     
  0.31978680879413723      -0.21752320571535333     
  0.32045303131245839      -0.21776288603506891     
  0.32111925383077949      -0.21800167864989670     
  0.32178547634910060      -0.21823958355983725     
  0.32245169886742170      -0.21847660076488939     
  0.32311792138574286      -0.21871273026505347     
  0.32378414390406396      -0.21894797206033068     
  0.32445036642238506      -0.21918232615071878     
  0.32511658894070622      -0.21941579253621937     
  0.32578281145902732      -0.21964837121683242     
  0.32644903397734842      -0.21988006219255812     
  0.32711525649566958      -0.22011086546339467     
  0.32778147901399068      -0.22034078102934454     
  0.32844770153231179      -0.22056980889040659     
  0.32911392405063294      -0.22079794904658046     
  0.32978014656895405      -0.22102520149786656     
  0.33044636908727515      -0.22125156624426462     
  0.33111259160559625      -0.22147704328577489     
  0.33177881412391741      -0.22170163262239845     
  0.33244503664223851      -0.22192533425413302     
  0.33311125916055961      -0.22214814818097992     
  0.33377748167888077      -0.22237007440293927     
  0.33444370419720187      -0.22259111292001060     
  0.33510992671552298      -0.22281126373219398     
  0.33577614923384413      -0.22303052683948982     
  0.33644237175216524      -0.22324890224189806     
  0.33710859427048634      -0.22346638993941811     
  0.33777481678880744      -0.22368298993205010     
  0.33844103930712860      -0.22389870221979455     
  0.33910726182544970      -0.22411352680264923     
  0.33977348434377080      -0.22432746368061973     
  0.34043970686209196      -0.22454051285370089     
  0.34110592938041306      -0.22475267432189375     
  0.34177215189873417      -0.22496394808519901     
  0.34243837441705532      -0.22517433414361626     
  0.34310459693537643      -0.22538383249714600     
  0.34377081945369753      -0.22559244314578836     
  0.34443704197201869      -0.22580016608954170     
  0.34510326449033979      -0.22600700132840781     
  0.34576948700866089      -0.22621294886238597     
  0.34643570952698199      -0.22641800869147599     
  0.34710193204530315      -0.22662218081567895     
  0.34776815456362425      -0.22682546523499320     
  0.34843437708194536      -0.22702786194942065     
  0.34910059960026651      -0.22722937095895943     
  0.34976682211858762      -0.22742999226361024     
  0.35043304463690872      -0.22762972586337415     
  0.35109926715522988      -0.22782857175824917     
  0.35176548967355098      -0.22802652994823683     
  0.35243171219187208      -0.22822360043333800     
  0.35309793471019318      -0.22841978321354886     
  0.35376415722851434      -0.22861507828887290     
  0.35443037974683544      -0.22880948565930950     
  0.35509660226515655      -0.22900300532485762     
  0.35576282478347770      -0.22919563728551801     
  0.35642904730179881      -0.22938738154129110     
  0.35709526982011991      -0.22957823809217634     
  0.35776149233844107      -0.22976820693817390     
  0.35842771485676217      -0.22995728807928303     
  0.35909393737508327      -0.23014548151550460     
  0.35976015989340443      -0.23033278724683839     
  0.36042638241172553      -0.23051920527328401     
  0.36109260493004663      -0.23070473559484114     
  0.36175882744836774      -0.23088937821151254     
  0.36242504996668889      -0.23107313312329478     
  0.36309127248501000      -0.23125600033018967     
  0.36375749500333110      -0.23143797983219647     
  0.36442371752165226      -0.23161907162931483     
  0.36508994003997336      -0.23179927572154618     
  0.36575616255829446      -0.23197859210888985     
  0.36642238507661562      -0.23215702079134540     
  0.36708860759493672      -0.23233456176891321     
  0.36775483011325782      -0.23251121504159200     
  0.36842105263157893      -0.23268698060938436     
  0.36908727514990008      -0.23286185847228844     
  0.36975349766822119      -0.23303584863030491     
  0.37041972018654229      -0.23320895108343309     
  0.37108594270486345      -0.23338116583167332     
  0.37175216522318455      -0.23355249287502661     
  0.37241838774150565      -0.23372293221349122     
  0.37308461025982681      -0.23389248384706857     
  0.37375083277814791      -0.23406114777575771     
  0.37441705529646901      -0.23422892399955889     
  0.37508327781479017      -0.23439581251847244     
  0.37574950033311127      -0.23456181333249868     
  0.37641572285143238      -0.23472692644163615     
  0.37708194536975348      -0.23489115184588596     
  0.37774816788807464      -0.23505448954524791     
  0.37841439040639574      -0.23521693953972311     
  0.37908061292471684      -0.23537850182930911     
  0.37974683544303800      -0.23553917641400840     
  0.38041305796135910      -0.23569896329381934     
  0.38107928047968020      -0.23585786246874121     
  0.38174550299800136      -0.23601587393877721     
  0.38241172551632246      -0.23617299770392486     
  0.38307794803464357      -0.23632923376418383     
  0.38374417055296473      -0.23648458211955570     
  0.38441039307128583      -0.23663904277003966     
  0.38507661558960693      -0.23679261571563559     
  0.38574283810792803      -0.23694530095634364     
  0.38640906062624919      -0.23709709849216451     
  0.38707528314457029      -0.23724800832309634     
  0.38774150566289139      -0.23739803044914137     
  0.38840772818121255      -0.23754716487029839     
  0.38907395069953365      -0.23769541158656762     
  0.38974017321785476      -0.23784277059794870     
  0.39040639573617592      -0.23798924190444204     
  0.39107261825449702      -0.23813482550604759     
  0.39173884077281812      -0.23827952140276565     
  0.39240506329113922      -0.23842332959459525     
  0.39307128580946038      -0.23856625008153717     
  0.39373750832778148      -0.23870828286359144     
  0.39440373084610258      -0.23884942794075834     
  0.39506995336442374      -0.23898968531303655     
  0.39573617588274485      -0.23912905498042722     
  0.39640239840106595      -0.23926753694292976     
  0.39706862091938711      -0.23940513120054538     
  0.39773484343770821      -0.23954183775327151     
  0.39840106595602931      -0.23967765660111112     
  0.39906728847435047      -0.23981258774406275     
  0.39973351099267157      -0.23994663118212611     
  0.40039973351099267      -0.24007978691530177     
  0.40106595602931377      -0.24021205494358980     
  0.40173217854763493      -0.24034343526699042     
  0.40239840106595604      -0.24047392788550212     
  0.40306462358427714      -0.24060353279912666     
  0.40373084610259830      -0.24073225000786333     
  0.40439706862091940      -0.24086007951171212     
  0.40506329113924050      -0.24098702131067287     
  0.40572951365756166      -0.24111307540474597     
  0.40639573617588276      -0.24123824179393069     
  0.40706195869420386      -0.24136252047822859     
  0.40772818121252496      -0.24148591145763793     
  0.40839440373084612      -0.24160841473215980     
  0.40906062624916723      -0.24173003030179338     
  0.40972684876748833      -0.24185075816653961     
  0.41039307128580949      -0.24197059832639753     
  0.41105929380413059      -0.24208955078136732     
  0.41172551632245169      -0.24220761553144990     
  0.41239173884077285      -0.24232479257664508     
  0.41305796135909395      -0.24244108191695199     
  0.41372418387741505      -0.24255648355237089     
  0.41439040639573621      -0.24267099748290230     
  0.41505662891405731      -0.24278462370854523     
  0.41572285143237842      -0.24289736222930117     
  0.41638907395069952      -0.24300921304516870     
  0.41705529646902068      -0.24312017615614942     
  0.41772151898734178      -0.24323025156224037     
  0.41838774150566288      -0.24333943926344434     
  0.41905396402398404      -0.24344773925976049     
  0.41972018654230514      -0.24355515155118923     
  0.42038640906062624      -0.24366167613772954     
  0.42105263157894740      -0.24376731301938287     
  0.42171885409726850      -0.24387206219614740     
  0.42238507661558961      -0.24397592366802470     
  0.42305129913391071      -0.24407889743501376     
  0.42371752165223187      -0.24418098349711531     
  0.42438374417055297      -0.24428218185432865     
  0.42504996668887407      -0.24438249250665428     
  0.42571618920719523      -0.24448191545409242     
  0.42638241172551633      -0.24458045069664244     
  0.42704863424383743      -0.24467809823430481     
  0.42771485676215859      -0.24477485806707905     
  0.42838107928047969      -0.24487073019496533     
  0.42904730179880080      -0.24496571461796468     
  0.42971352431712195      -0.24505981133607527     
  0.43037974683544306      -0.24515302034929851     
  0.43104596935376416      -0.24524534165763348     
  0.43171219187208526      -0.24533677526108108     
  0.43237841439040642      -0.24542732115964105     
  0.43304463690872752      -0.24551697935331246     
  0.43371085942704862      -0.24560574984209602     
  0.43437708194536978      -0.24569363262599234     
  0.43504330446369088      -0.24578062770500034     
  0.43570952698201199      -0.24586673507912071     
  0.43637574950033314      -0.24595195474835327     
  0.43704197201865425      -0.24603628671269817     
  0.43770819453697535      -0.24611973097215545     
  0.43837441705529645      -0.24620228752672468     
  0.43904063957361761      -0.24628395637640618     
  0.43970686209193871      -0.24636473752119903     
  0.44037308461025981      -0.24644463096110475     
  0.44103930712858097      -0.24652363669612218     
  0.44170552964690207      -0.24660175472625287     
  0.44237175216522318      -0.24667898505149477     
  0.44303797468354433      -0.24675532767184885     
  0.44370419720186544      -0.24683078258731603     
  0.44437041972018654      -0.24690534979789422     
  0.44503664223850770      -0.24697902930358515     
  0.44570286475682880      -0.24705182110438786     
  0.44636908727514990      -0.24712372520030271     
  0.44703530979347100      -0.24719474159132956     
  0.44770153231179216      -0.24726487027746946     
  0.44836775483011326      -0.24733411125872104     
  0.44903397734843437      -0.24740246453508402     
  0.44970019986675552      -0.24746993010656057     
  0.45036642238507663      -0.24753650797314838     
  0.45103264490339773      -0.24760219813484857     
  0.45169886742171889      -0.24766700059166052     
  0.45236508994003999      -0.24773091534358560     
  0.45303131245836109      -0.24779394239062250     
  0.45369753497668219      -0.24785608173277079     
  0.45436375749500335      -0.24791733337003155     
  0.45502998001332445      -0.24797769730240543     
  0.45569620253164556      -0.24803717352989010     
  0.45636242504996671      -0.24809576205248812     
  0.45702864756828782      -0.24815346287019796     
  0.45769487008660892      -0.24821027598302003     
  0.45836109260493008      -0.24826620139095415     
  0.45902731512325118      -0.24832123909400045     
  0.45969353764157228      -0.24837538909215851     
  0.46035976015989344      -0.24842865138542936     
  0.46102598267821454      -0.24848102597381169     
  0.46169220519653564      -0.24853251285730699     
  0.46235842771485675      -0.24858311203591385     
  0.46302465023317790      -0.24863282350963320     
  0.46369087275149901      -0.24868164727846512     
  0.46435709526982011      -0.24872958334240833     
  0.46502331778814127      -0.24877663170146408     
  0.46568954030646237      -0.24882279235563201     
  0.46635576282478347      -0.24886806530491209     
  0.46702198534310463      -0.24891245054930389     
  0.46768820786142573      -0.24895594808880855     
  0.46835443037974683      -0.24899855792342473     
  0.46902065289806794      -0.24904028005315362     
  0.46968687541638909      -0.24908111447799511     
  0.47035309793471020      -0.24912106119794744     
  0.47101932045303130      -0.24916012021301306     
  0.47168554297135246      -0.24919829152319023     
  0.47235176548967356      -0.24923557512848007     
  0.47301798800799466      -0.24927197102888157     
  0.47368421052631582      -0.24930747922439611     
  0.47435043304463692      -0.24934209971502203     
  0.47501665556295802      -0.24937583250075976     
  0.47568287808127918      -0.24940867758160912     
  0.47634910059960028      -0.24944063495757257     
  0.47701532311792139      -0.24947170462864732     
  0.47768154563624249      -0.24950188659483422     
  0.47834776815456365      -0.24953118085613260     
  0.47901399067288475      -0.24955958741254430     
  0.47968021319120585      -0.24958710626406685     
  0.48034643570952701      -0.24961373741070256     
  0.48101265822784811      -0.24963948085245091     
  0.48167888074616921      -0.24966433658931053     
  0.48234510326449037      -0.24968830462128272     
  0.48301132578281147      -0.24971138494836678     
  0.48367754830113258      -0.24973357757056258     
  0.48434377081945373      -0.24975488248787200     
  0.48500999333777484      -0.24977529970029166     
  0.48567621585609594      -0.24979482920782473     
  0.48634243837441704      -0.24981347101047027     
  0.48700866089273820      -0.24983122510822731     
  0.48767488341105930      -0.24984809150109605     
  0.48834110592938040      -0.24986407018907786     
  0.48900732844770156      -0.24987916117217177     
  0.48967355096602266      -0.24989336445037708     
  0.49033977348434377      -0.24990668002369520     
  0.49100599600266492      -0.24991910789212546     
  0.49167221852098603      -0.24993064805566692     
  0.49233844103930713      -0.24994130051432215     
  0.49300466355762823      -0.24995106526808866     
  0.49367088607594939      -0.24995994231696786     
  0.49433710859427049      -0.24996793166095854     
  0.49500333111259159      -0.24997503330006185     
  0.49566955363091275      -0.24998124723427706     
  0.49633577614923385      -0.24998657346360434     
  0.49700199866755496      -0.24999101198804388     
  0.49766822118587611      -0.24999456280759497     
  0.49833444370419722      -0.24999722592226004     
  0.49900066622251832      -0.24999900133203523     
  0.49966688874083948      -0.24999988903692436     
  0.50033311125916058      -0.24999988903692424     
  0.50099933377748174      -0.24999900133203684     
  0.50166555629580278      -0.24999722592226120     
  0.50233177881412394      -0.24999456280759844     
  0.50299800133244510      -0.24999101198804730     
  0.50366422385076615      -0.24998657346360825     
  0.50433044636908730      -0.24998124723428156     
  0.50499666888740835      -0.24997503330006718     
  0.50566289140572951      -0.24996793166096432     
  0.50632911392405067      -0.24995994231697452     
  0.50699533644237171      -0.24995106526809635     
  0.50766155896069287      -0.24994130051433053     
  0.50832778147901403      -0.24993064805567650     
  0.50899400399733508      -0.24991910789213570     
  0.50966022651565623      -0.24990668002370589     
  0.51032644903397739      -0.24989336445038846     
  0.51099267155229844      -0.24987916117218323     
  0.51165889407061960      -0.24986407018909079     
  0.51232511658894075      -0.24984809150111051     
  0.51299133910726180      -0.24983122510824152     
  0.51365756162558296      -0.24981347101048459     
  0.51432378414390412      -0.24979482920784002     
  0.51499000666222516      -0.24977529970030851     
  0.51565622918054632      -0.24975488248788827     
  0.51632245169886748      -0.24973357757058087     
  0.51698867421718853      -0.24971138494838444     
  0.51765489673550968      -0.24968830462130168     
  0.51832111925383084      -0.24966433658933010     
  0.51898734177215189      -0.24963948085247090     
  0.51965356429047305      -0.24961373741072318     
  0.52031978680879409      -0.24958710626408850     
  0.52098600932711525      -0.24955958741256645     
  0.52165223184543641      -0.24953118085615575     
  0.52231845436375746      -0.24950188659485750     
  0.52298467688207861      -0.24947170462867096     
  0.52365089940039977      -0.24944063495759672     
  0.52431712191872082      -0.24940867758163487     
  0.52498334443704198      -0.24937583250078543     
  0.52564956695536313      -0.24934209971504792     
  0.52631578947368418      -0.24930747922442245     
  0.52698201199200534      -0.24927197102890927     
  0.52764823451032650      -0.24923557512850827     
  0.52831445702864754      -0.24919829152321896     
  0.52898067954696870      -0.24916012021304179     
  0.52964690206528986      -0.24912106119797714     
  0.53031312458361091      -0.24908111447802508     
  0.53097934710193206      -0.24904028005318457     
  0.53164556962025322      -0.24899855792345621     
  0.53231179213857427      -0.24895594808884022     
  0.53297801465689543      -0.24891245054933603     
  0.53364423717521658      -0.24886806530494424     
  0.53431045969353763      -0.24882279235566515     
  0.53497668221185879      -0.24877663170149791     
  0.53564290473017984      -0.24872958334244255     
  0.53630912724850099      -0.24868164727849923     
  0.53697534976682215      -0.24863282350966845     
  0.53764157228514320      -0.24858311203594929     
  0.53830779480346436      -0.24853251285734304     
  0.53897401732178551      -0.24848102597384938     
  0.53964023984010656      -0.24842865138546624     
  0.54030646235842772      -0.24837538909219628     
  0.54097268487674888      -0.24832123909403817     
  0.54163890739506992      -0.24826620139099279     
  0.54230512991339108      -0.24821027598305948     
  0.54297135243171224      -0.24815346287023732     
  0.54363757495003329      -0.24809576205252828     
  0.54430379746835444      -0.24803717352993149     
  0.54497001998667560      -0.24797769730244601     
  0.54563624250499665      -0.24791733337007354     
  0.54630246502331781      -0.24785608173280896     
  0.54696868754163896      -0.24779394239066463     
  0.54763491005996001      -0.24773091534362829     
  0.54830113257828117      -0.24766700059170357     
  0.54896735509660233      -0.24760219813489157     
  0.54963357761492337      -0.24753650797319190     
  0.55029980013324453      -0.24746993010660412     
  0.55096602265156558      -0.24740246453512935     
  0.55163224516988674      -0.24733411125876534     
  0.55229846768820789      -0.24726487027751359     
  0.55296469020652894      -0.24719474159137519     
  0.55363091272485010      -0.24712372520034817     
  0.55429713524317126      -0.24705182110443349     
  0.55496335776149230      -0.24697902930363103     
  0.55562958027981346      -0.24690534979794015     
  0.55629580279813462      -0.24683078258736191     
  0.55696202531645567      -0.24675532767189576     
  0.55762824783477682      -0.24667898505154170     
  0.55829447035309798      -0.24660175472629978     
  0.55896069287141903      -0.24652363669617050     
  0.55962691538974019      -0.24644463096115349     
  0.56029313790806134      -0.24636473752124802     
  0.56095936042638239      -0.24628395637645392     
  0.56162558294470355      -0.24620228752677362     
  0.56229180546302471      -0.24611973097220499     
  0.56295802798134575      -0.24603628671274830     
  0.56362425049966691      -0.24595195474840426     
  0.56429047301798807      -0.24586673507917192     
  0.56495669553630912      -0.24578062770505138     
  0.56562291805463027      -0.24569363262604380     
  0.56628914057295132      -0.24560574984214822     
  0.56695536309127248      -0.24551697935336403     
  0.56762158560959364      -0.24542732115969287     
  0.56828780812791468      -0.24533677526113465     
  0.56895403064623584      -0.24524534165768644     
  0.56962025316455700      -0.24515302034935135     
  0.57028647568287805      -0.24505981133612892     
  0.57095269820119920      -0.24496571461801822     
  0.57161892071952036      -0.24487073019501998     
  0.57228514323784141      -0.24477485806713353     
  0.57295136575616257      -0.24467809823435943     
  0.57361758827448373      -0.24458045069669748     
  0.57428381079280477      -0.24448191545414744     
  0.57495003331112593      -0.24438249250671071     
  0.57561625582944709      -0.24428218185438444     
  0.57628247834776813      -0.24418098349717168     
  0.57694870086608929      -0.24407889743507050     
  0.57761492338441045      -0.24397592366808149     
  0.57828114590273150      -0.24387206219620450     
  0.57894736842105265      -0.24376731301943966     
  0.57961359093937381      -0.24366167613778683     
  0.58027981345769486      -0.24355515155124691     
  0.58094603597601602      -0.24344773925981866     
  0.58161225849433706      -0.24333943926350257     
  0.58227848101265822      -0.24323025156229919     
  0.58294470353097938      -0.24312017615620740     
  0.58361092604930043      -0.24300921304522743     
  0.58427714856762158      -0.24289736222936070     
  0.58494337108594274      -0.24278462370860560     
  0.58560959360426379      -0.24267099748296256     
  0.58627581612258495      -0.24255648355243151     
  0.58694203864090611      -0.24244108191701275     
  0.58760826115922715      -0.24232479257670686     
  0.58827448367754831      -0.24220761553151191     
  0.58894070619586947      -0.24208955078143027     
  0.58960692871419051      -0.24197059832646009     
  0.59027315123251167      -0.24185075816660137     
  0.59093937375083283      -0.24173003030185652     
  0.59160559626915388      -0.24160841473222269     
  0.59227181878747504      -0.24148591145770160     
  0.59293804130579619      -0.24136252047829235     
  0.59360426382411724      -0.24123824179399542     
  0.59427048634243840      -0.24111307540481067     
  0.59493670886075956      -0.24098702131073801     
  0.59560293137908060      -0.24086007951177682     
  0.59626915389740176      -0.24073225000792867     
  0.59693537641572281      -0.24060353279919189     
  0.59760159893404396      -0.24047392788556823     
  0.59826782145236512      -0.24034343526705620     
  0.59893404397068617      -0.24021205494365686     
  0.59960026648900733      -0.24007978691536899     
  0.60026648900732849      -0.23994663118219325     
  0.60093271152564953      -0.23981258774412981     
  0.60159893404397069      -0.23967765660117890     
  0.60226515656229185      -0.23954183775334031     
  0.60293137908061289      -0.23940513120061369     
  0.60359760159893405      -0.23926753694299763     
  0.60426382411725521      -0.23912905498049608     
  0.60493004663557626      -0.23898968531310555     
  0.60559626915389742      -0.23884942794082797     
  0.60626249167221857      -0.23870828286366150     
  0.60692871419053962      -0.23856625008160812     
  0.60759493670886078      -0.23842332959466594     
  0.60826115922718194      -0.23827952140283631     
  0.60892738174550298      -0.23813482550611953     
  0.60959360426382414      -0.23798924190451418     
  0.61025982678214530      -0.23784277059802109     
  0.61092604930046635      -0.23769541158664073     
  0.61159227181878750      -0.23754716487037192     
  0.61225849433710866      -0.23739803044921517     
  0.61292471685542971      -0.23724800832317053     
  0.61359093937375087      -0.23709709849223914     
  0.61425716189207191      -0.23694530095641855     
  0.61492338441039307      -0.23679261571571078     
  0.61558960692871423      -0.23663904277011535     
  0.61625582944703527      -0.23648458211963191     
  0.61692205196535643      -0.23632923376426015     
  0.61758827448367759      -0.23617299770400116     
  0.61825449700199864      -0.23601587393885415     
  0.61892071952031980      -0.23585786246881899     
  0.61958694203864095      -0.23569896329389634     
  0.62025316455696200      -0.23553917641408550     
  0.62091938707528316      -0.23537850182938730     
  0.62158560959360432      -0.23521693953980105     
  0.62225183211192536      -0.23505448954532701     
  0.62291805463024652      -0.23489115184596498     
  0.62358427714856768      -0.23472692644171536     
  0.62425049966688873      -0.23456181333257786     
  0.62491672218520988      -0.23439581251855238     
  0.62558294470353104      -0.23422892399964004     
  0.62624916722185209      -0.23406114777583781     
  0.62691538974017325      -0.23389248384714911     
  0.62758161225849440      -0.23372293221357240     
  0.62824783477681545      -0.23355249287510746     
  0.62891405729513661      -0.23338116583175594     
  0.62958027981345766      -0.23320895108351508     
  0.63024650233177881      -0.23303584863038701     
  0.63091272485009997      -0.23286185847237090     
  0.63157894736842102      -0.23268698060946716     
  0.63224516988674218      -0.23251121504167505     
  0.63291139240506333      -0.23233456176899592     
  0.63357761492338438      -0.23215702079142861     
  0.63424383744170554      -0.23197859210897437     
  0.63491005996002670      -0.23179927572163039     
  0.63557628247834774      -0.23161907162939999     
  0.63624250499666890      -0.23143797983228084     
  0.63690872751499006      -0.23125600033027446     
  0.63757495003331111      -0.23107313312337968     
  0.63824117255163226      -0.23088937821159780     
  0.63890739506995342      -0.23070473559492832     
  0.63957361758827447      -0.23051920527336953     
  0.64023984010659563      -0.23033278724692391     
  0.64090606262491678      -0.23014548151559058     
  0.64157228514323783      -0.22995728807936935     
  0.64223850766155899      -0.22976820693825967     
  0.64290473017988015      -0.22957823809226277     
  0.64357095269820119      -0.22938738154137833     
  0.64423717521652235      -0.22919563728560535     
  0.64490339773484340      -0.22900300532494444     
  0.64556962025316456      -0.22880948565939607     
  0.64623584277148571      -0.22861507828896044     
  0.64690206528980676      -0.22841978321363546     
  0.64756828780812792      -0.22822360043342432     
  0.64823451032644908      -0.22802652994832434     
  0.64890073284477012      -0.22782857175833651     
  0.64956695536309128      -0.22762972586346106     
  0.65023317788141244      -0.22742999226369717     
  0.65089940039973349      -0.22722937095904716     
  0.65156562291805464      -0.22702786194950805     
  0.65223184543637580      -0.22682546523508129     
  0.65289806795469685      -0.22662218081576682     
  0.65356429047301801      -0.22641800869156423     
  0.65423051299133916      -0.22621294886247406     
  0.65489673550966021      -0.22600700132849644     
  0.65556295802798137      -0.22580016608963002     
  0.65622918054630253      -0.22559244314587615     
  0.65689540306462357      -0.22538383249723495     
  0.65756162558294473      -0.22517433414370552     
  0.65822784810126589      -0.22496394808528797     
  0.65889407061958694      -0.22475267432198276     
  0.65956029313790809      -0.22454051285379015     
  0.66022651565622914      -0.22432746368070933     
  0.66089273817455030      -0.22411352680274041     
  0.66155896069287146      -0.22389870221988387     
  0.66222518321119250      -0.22368298993213986     
  0.66289140572951366      -0.22346638993950702     
  0.66355762824783482      -0.22324890224198757     
  0.66422385076615587      -0.22303052683957938     
  0.66489007328447702      -0.22281126373228430     
  0.66555629580279818      -0.22259111292010067     
  0.66622251832111923      -0.22237007440302867     
  0.66688874083944039      -0.22214814818106948     
  0.66755496335776154      -0.22192533425422287     
  0.66822118587608259      -0.22170163262248752     
  0.66888740839440375      -0.22147704328586476     
  0.66955363091272491      -0.22125156624435446     
  0.67021985343104595      -0.22102520149795604     
  0.67088607594936711      -0.22079794904666952     
  0.67155229846768827      -0.22056980889049571     
  0.67221852098600932      -0.22034078102943344     
  0.67288474350433047      -0.22011086546348357     
  0.67355096602265163      -0.21988006219264603     
  0.67421718854097268      -0.21964837121692066     
  0.67488341105929384      -0.21941579253630805     
  0.67554963357761488      -0.21918232615080657     
  0.67621585609593604      -0.21894797206041805     
  0.67688207861425720      -0.21871273026514054     
  0.67754830113257825      -0.21847660076497652     
  0.67821452365089940      -0.21823958355992379     
  0.67888074616922056      -0.21800167864998324     
  0.67954696868754161      -0.21776288603515534     
  0.68021319120586277      -0.21752320571543965     
  0.68087941372418392      -0.21728263769083592     
  0.68154563624250497      -0.21704118196134425     
  0.68221185876082613      -0.21679883852696466     
  0.68287808127914729      -0.21655560738769808     
  0.68354430379746833      -0.21631148854354224     
  0.68421052631578949      -0.21606648199449932     
  0.68487674883411065      -0.21582058774056850     
  0.68554297135243170      -0.21557380578174981     
  0.68620919387075285      -0.21532613611804360     
  0.68687541638907401      -0.21507757874944880     
  0.68754163890739506      -0.21482813367596668     
  0.68820786142571622      -0.21457780089759723     
  0.68887408394403737      -0.21432658041433933     
  0.68954030646235842      -0.21407447222619375     
  0.69020652898067958      -0.21382147633315987     
  0.69087275149900063      -0.21356759273523909     
  0.69153897401732178      -0.21331282143242952     
  0.69220519653564294      -0.21305716242473263     
  0.69287141905396399      -0.21280061571214809     
  0.69353764157228515      -0.21254318129467512     
  0.69420386409060630      -0.21228485917231468     
  0.69487008660892735      -0.21202564934506637     
  0.69553630912724851      -0.21176555181292997     
  0.69620253164556967      -0.21150456657590630     
  0.69686875416389071      -0.21124269363399448     
  0.69753497668221187      -0.21097993298719478     
  0.69820119920053303      -0.21071628463550762     
  0.69886742171885408      -0.21045174857893212     
  0.69953364423717523      -0.21018632481746882     
  0.70019986675549639      -0.20992001335111798     
  0.70086608927381744      -0.20965281417987977     
  0.70153231179213860      -0.20938472730375282     
  0.70219853431045975      -0.20911575272273872     
  0.70286475682878080      -0.20884589043683630     
  0.70353097934710196      -0.20857514044604583     
  0.70419720186542312      -0.20830350275036780     
  0.70486342438374416      -0.20803097734980439     
  0.70552964690206532      -0.20775756424434852     
  0.70619586942038637      -0.20748326343400714     
  0.70686209193870753      -0.20720807491877793     
  0.70752831445702868      -0.20693199869866089     
  0.70819453697534973      -0.20665503477365579     
  0.70886075949367089      -0.20637718314376313     
  0.70952698201199205      -0.20609844380898237     
  0.71019320453031309      -0.20581881676931410     
  0.71085942704863425      -0.20553830202475751     
  0.71152564956695541      -0.20525689957531329     
  0.71219187208527646      -0.20497460942098158     
  0.71285809460359761      -0.20469143156176178     
  0.71352431712191877      -0.20440736599765347     
  0.71419053964023982      -0.20412241272865836     
  0.71485676215856098      -0.20383657175477513     
  0.71552298467688213      -0.20354984307600396     
  0.71618920719520318      -0.20326222669234459     
  0.71685542971352434      -0.20297372260379828     
  0.71752165223184550      -0.20268433081036352     
  0.71818787475016654      -0.20239405131204041     
  0.71885409726848770      -0.20210288410882996     
  0.71952031978680886      -0.20181082920073237     
  0.72018654230512991      -0.20151788658774539     
  0.72085276482345106      -0.20122405626987144     
  0.72151898734177211      -0.20092933824710998     
  0.72218520986009327      -0.20063373251946037     
  0.72285143237841443      -0.20033723908692286     
  0.72351765489673547      -0.20003985794949775     
  0.72418387741505663      -0.19974158910718443     
  0.72485009993337779      -0.19944243255998331     
  0.72551632245169884      -0.19914238830789430     
  0.72618254497001999      -0.19884145635091785     
  0.72684876748834115      -0.19853963668905275     
  0.72751499000666220      -0.19823692932230086     
  0.72818121252498336      -0.19793333425066029     
  0.72884743504330451      -0.19762885147413284     
  0.72951365756162556      -0.19732348099271699     
  0.73017988007994672      -0.19701722280641323     
  0.73084610259826788      -0.19671007691522219     
  0.73151232511658892      -0.19640204331914216     
  0.73217854763491008      -0.19609312201817561     
  0.73284477015323124      -0.19578331301232005     
  0.73351099267155229      -0.19547261630157717     
  0.73417721518987344      -0.19516103188594669     
  0.73484343770819460      -0.19484855976542784     
  0.73550966022651565      -0.19453519994002175     
  0.73617588274483681      -0.19422095240972778     
  0.73684210526315785      -0.19390581717454514     
  0.73750832778147901      -0.19358979423447553     
  0.73817455029980017      -0.19327288358951783     
  0.73884077281812122      -0.19295508523967247     
  0.73950699533644237      -0.19263639918493891     
  0.74017321785476353      -0.19231682542531761     
  0.74083944037308458      -0.19199636396080930     
  0.74150566289140574      -0.19167501479141208     
  0.74217188540972689      -0.19135277791712785     
  0.74283810792804794      -0.19102965333795494     
  0.74350433044636910      -0.19070564105389462     
  0.74417055296469026      -0.19038074106494643     
  0.74483677548301130      -0.19005495337111020     
  0.74550299800133246      -0.18972827797238676     
  0.74616922051965362      -0.18940071486877516     
  0.74683544303797467      -0.18907226406027516     
  0.74750166555629582      -0.18874292554688793     
  0.74816788807461698      -0.18841269932861276     
  0.74883411059293803      -0.18808158540544975     
  0.74950033311125919      -0.18774958377739903     
  0.75016655562958034      -0.18741669444445991     
  0.75083277814790139      -0.18708291740663413     
  0.75149900066622255      -0.18674825266391945     
  0.75216522318454360      -0.18641270021631745     
  0.75283144570286475      -0.18607626006382730     
  0.75349766822118591      -0.18573893220644974     
  0.75416389073950696      -0.18540071664418359     
  0.75483011325782812      -0.18506161337703031     
  0.75549633577614927      -0.18472162240498913     
  0.75616255829447032      -0.18438074372806007     
  0.75682878081279148      -0.18403897734624322     
  0.75749500333111264      -0.18369632325953797     
  0.75816122584943368      -0.18335278146794565     
  0.75882744836775484      -0.18300835197146501     
  0.75949367088607600      -0.18266303477009693     
  0.76015989340439705      -0.18231682986384051     
  0.76082611592271820      -0.18196973725269652     
  0.76149233844103936      -0.18162175693666441     
  0.76215856095936041      -0.18127288891574567     
  0.76282478347768157      -0.18092313318993783     
  0.76349100599600273      -0.18057248975924248     
  0.76415722851432377      -0.18022095862365936     
  0.76482345103264493      -0.17986853978318837     
  0.76548967355096609      -0.17951523323782984     
  0.76615589606928713      -0.17916103898758265     
  0.76682211858760829      -0.17880595703244836     
  0.76748834110592945      -0.17844998737242618     
  0.76815456362425050      -0.17809313000751578     
  0.76882078614257165      -0.17773538493771779     
  0.76948700866089270      -0.17737675216303173     
  0.77015323117921386      -0.17701723168345818     
  0.77081945369753502      -0.17665682349899658     
  0.77148567621585606      -0.17629552760964737     
  0.77215189873417722      -0.17593334401541033     
  0.77281812125249838      -0.17557027271628523     
  0.77348434377081943      -0.17520631371227241     
  0.77415056628914058      -0.17484146700337161     
  0.77481678880746174      -0.17447573258958307     
  0.77548301132578279      -0.17410911047090685     
  0.77614923384410395      -0.17374160064734273     
  0.77681545636242511      -0.17337320311889093     
  0.77748167888074615      -0.17300391788555086     
  0.77814790139906731      -0.17263374494732306     
  0.77881412391738847      -0.17226268430420746     
  0.77948034643570951      -0.17189073595620419     
  0.78014656895403067      -0.17151789990331298     
  0.78081279147235183      -0.17114417614553404     
  0.78147901399067288      -0.17076956468286689     
  0.78214523650899404      -0.17039406551531228     
  0.78281145902731519      -0.17001767864286965     
  0.78347768154563624      -0.16964040406553924     
  0.78414390406395740      -0.16926224178331911     
  0.78481012658227844      -0.16888319179621472     
  0.78547634910059960      -0.16850325410422098     
  0.78614257161892076      -0.16812242870733898     
  0.78680879413724181      -0.16774071560556955     
  0.78747501665556296      -0.16735811479891236     
  0.78814123917388412      -0.16697462628736673     
  0.78880746169220517      -0.16659025007093381     
  0.78947368421052633      -0.16620498614961285     
  0.79013990672884749      -0.16581883452340374     
  0.79080612924716853      -0.16543179519230711     
  0.79147235176548969      -0.16504386815632255     
  0.79213857428381085      -0.16465505341545064     
  0.79280479680213189      -0.16426535096969022     
  0.79347101932045305      -0.16387476081904259     
  0.79413724183877421      -0.16348328296350648     
  0.79480346435709526      -0.16309091740308310     
  0.79546968687541642      -0.16269766413777165     
  0.79613590939373757      -0.16230352316757210     
  0.79680213191205862      -0.16190849449248523     
  0.79746835443037978      -0.16151257811251021     
  0.79813457694870094      -0.16111577402764748     
  0.79880079946702198      -0.16071808223789641     
  0.79946702198534314      -0.16031950274325812     
  0.80013324450366419      -0.15992003554373171     
  0.80079946702198535      -0.15951968063931779     
  0.80146568954030650      -0.15911843803001580     
  0.80213191205862755      -0.15871630771582587     
  0.80279813457694871      -0.15831328969674849     
  0.80346435709526987      -0.15790938397278290     
  0.80413057961359091      -0.15750459054392960     
  0.80479680213191207      -0.15709890941018831     
  0.80546302465023323      -0.15669234057155956     
  0.80612924716855427      -0.15628488402804205     
  0.80679546968687543      -0.15587653977963820     
  0.80746169220519659      -0.15546730782634530     
  0.80812791472351764      -0.15505718816816508     
  0.80879413724183880      -0.15464618080509690     
  0.80946035976015995      -0.15423428573714054     
  0.81012658227848100      -0.15382150296429686     
  0.81079280479680216      -0.15340783248656498     
  0.81145902731512332      -0.15299327430394569     
  0.81212524983344436      -0.15257782841643797     
  0.81279147235176552      -0.15216149482404301     
  0.81345769487008668      -0.15174427352675973     
  0.81412391738840773      -0.15132616452458858     
  0.81479013990672888      -0.15090716781752991     
  0.81545636242504993      -0.15048728340558332     
  0.81612258494337109      -0.15006651128874915     
  0.81678880746169225      -0.14964485146702672     
  0.81745502998001329      -0.14922230394041641     
  0.81812125249833445      -0.14879886870891840     
  0.81878747501665561      -0.14837454577253287     
  0.81945369753497665      -0.14794933513125957     
  0.82011992005329781      -0.14752323678509741     
  0.82078614257161897      -0.14709625073404836     
  0.82145236508994002      -0.14666837697811091     
  0.82211858760826118      -0.14623961551728643     
  0.82278481012658233      -0.14580996635157323     
  0.82345103264490338      -0.14537942948097282     
  0.82411725516322454      -0.14494800490548446     
  0.82478347768154570      -0.14451569262510780     
  0.82544970019986674      -0.14408249263984371     
  0.82611592271818790      -0.14364840494969175     
  0.82678214523650906      -0.14321342955465227     
  0.82744836775483011      -0.14277756645472434     
  0.82811459027315126      -0.14234081564990872     
  0.82878081279147242      -0.14190317714020548     
  0.82944703530979347      -0.14146465092561414     
  0.83011325782811463      -0.14102523700613542     
  0.83077948034643567      -0.14058493538176836     
  0.83144570286475683      -0.14014374605251401     
  0.83211192538307799      -0.13970166901837106     
  0.83277814790139904      -0.13925870427934073     
  0.83344437041972019      -0.13881485183542255     
  0.83411059293804135      -0.13837011168661620     
  0.83477681545636240      -0.13792448383292261     
  0.83544303797468356      -0.13747796827434067     
  0.83610926049300471      -0.13703056501087138     
  0.83677548301132576      -0.13658227404251388     
  0.83744170552964692      -0.13613309536926885     
  0.83810792804796808      -0.13568302899113574     
  0.83877415056628912      -0.13523207490811495     
  0.83944037308461028      -0.13478023312020618     
  0.84010659560293144      -0.13432750362740942     
  0.84077281812125249      -0.13387388642972520     
  0.84143904063957364      -0.13341938152715058     
  0.84210526315789480      -0.13296398891969274     
  0.84277148567621585      -0.13250770860734473     
  0.84343770819453701      -0.13205054059010898     
  0.84410393071285816      -0.13159248486798525     
  0.84477015323117921      -0.13113354144097414     
  0.84543637574950037      -0.13067371030907488     
  0.84610259826782142      -0.13021299147228771     
  0.84676882078614257      -0.12975138493061270     
  0.84743504330446373      -0.12928889068404981     
  0.84810126582278478      -0.12882550873259921     
  0.84876748834110594      -0.12836123907626068     
  0.84943371085942709      -0.12789608171503458     
  0.85009993337774814      -0.12743003664892069     
  0.85076615589606930      -0.12696310387791876     
  0.85143237841439046      -0.12649528340202867     
  0.85209860093271150      -0.12602657522125141     
  0.85276482345103266      -0.12555697933558582     
  0.85343104596935382      -0.12508649574503258     
  0.85409726848767487      -0.12461512444959139     
  0.85476349100599602      -0.12414286544926259     
  0.85542971352431718      -0.12366971874404560     
  0.85609593604263823      -0.12319568433394081     
  0.85676215856095939      -0.12272076221894866     
  0.85742838107928054      -0.12224495239906834     
  0.85809460359760159      -0.12176825487430029     
  0.85876082611592275      -0.12129066964464427     
  0.85942704863424391      -0.12081219671010063     
  0.86009327115256495      -0.12033283607066886     
  0.86075949367088611      -0.11985258772634937     
  0.86142571618920716      -0.11937145167714205     
  0.86209193870752832      -0.11888942792304684     
  0.86275816122584947      -0.11840651646406399     
  0.86342438374417052      -0.11792271730019276     
  0.86409060626249168      -0.11743803043143464     
  0.86475682878081284      -0.11695245585778796     
  0.86542305129913388      -0.11646599357925357     
  0.86608927381745504      -0.11597864359583147     
  0.86675549633577620      -0.11549040590752105     
  0.86742171885409725      -0.11500128051432396     
  0.86808794137241840      -0.11451126741623807     
  0.86875416389073956      -0.11402036661326469     
  0.86942038640906061      -0.11352857810540315     
  0.87008660892738177      -0.11303590189265458     
  0.87075283144570292      -0.11254233797501711     
  0.87141905396402397      -0.11204788635249237     
  0.87208527648234513      -0.11155254702507979     
  0.87275149900066629      -0.11105631999277894     
  0.87341772151898733      -0.11055920525559107     
  0.87408394403730849      -0.11006120281351457     
  0.87475016655562965      -0.10956231266655066     
  0.87541638907395070      -0.10906253481469866     
  0.87608261159227185      -0.10856186925795912     
  0.87674883411059290      -0.10806031599633147     
  0.87741505662891406      -0.10755787502981611     
  0.87808127914723522      -0.10705454635841280     
  0.87874750166555626      -0.10655032998212162     
  0.87941372418387742      -0.10604522590094305     
  0.88007994670219858      -0.10553923411487597     
  0.88074616922051963      -0.10503235462392148     
  0.88141239173884078      -0.10452458742807902     
  0.88207861425716194      -0.10401593252734875     
  0.88274483677548299      -0.10350638992173050     
  0.88341105929380415      -0.10299595961122478     
  0.88407728181212530      -0.10248464159583104     
  0.88474350433044635      -0.10197243587554924     
  0.88540972684876751      -0.10145934245037994     
  0.88607594936708867      -0.10094536132032257     
  0.88674217188540971      -0.10043049248537747     
  0.88740839440373087       -9.9914735945544494E-002
  0.88807461692205203       -9.9398091700823699E-002
  0.88874083944037308       -9.8880559751214972E-002
  0.88940706195869423       -9.8362140096718523E-002
  0.89007328447701539       -9.7842832737334309E-002
  0.89073950699533644       -9.7322637673062123E-002
  0.89140572951365760       -9.6801554903902118E-002
  0.89207195203197864       -9.6279584429854168E-002
  0.89273817455029980       -9.5756726250918828E-002
  0.89340439706862096       -9.5232980367095404E-002
  0.89407061958694201       -9.4708346778383912E-002
  0.89473684210526316       -9.4182825484784835E-002
  0.89540306462358432       -9.3656416486297731E-002
  0.89606928714190537       -9.3129119782922945E-002
  0.89673550966022653       -9.2600935374660187E-002
  0.89740173217854768       -9.2071863261509804E-002
  0.89806795469686873       -9.1541903443471490E-002
  0.89873417721518989       -9.1011055920545494E-002
  0.89940039973351105       -9.0479320692731610E-002
  0.90006662225183209       -8.9946697760029518E-002
  0.90073284477015325       -8.9413187122439688E-002
  0.90139906728847441       -8.8878788779962192E-002
  0.90206528980679546       -8.8343502732596835E-002
  0.90273151232511661       -8.7807328980343560E-002
  0.90339773484343777       -8.7270267523202674E-002
  0.90406395736175882       -8.6732318361173774E-002
  0.90473017988007998       -8.6193481494257124E-002
  0.90539640239840113       -8.5653756922452737E-002
  0.90606262491672218       -8.5113144645760336E-002
  0.90672884743504334       -8.4571644664180004E-002
  0.90739506995336439       -8.4029256977711839E-002
  0.90806129247168554       -8.3485981586356020E-002
  0.90872751499000670       -8.2941818490112271E-002
  0.90939373750832775       -8.2396767688980688E-002
  0.91005996002664891       -8.1850829182961410E-002
  0.91072618254497006       -8.1304002972053993E-002
  0.91139240506329111       -8.0756289056258854E-002
  0.91205862758161227       -8.0207687435575922E-002
  0.91272485009993343       -7.9658198110005310E-002
  0.91339107261825447       -7.9107821079546628E-002
  0.91405729513657563       -7.8556556344200112E-002
  0.91472351765489679       -7.8004403903965791E-002
  0.91538974017321784       -7.7451363758843789E-002
  0.91605596269153899       -7.6897435908833842E-002
  0.91672218520986015       -7.6342620353935978E-002
  0.91738840772818120       -7.5786917094150238E-002
  0.91805463024650236       -7.5230326129476818E-002
  0.91872085276482351       -7.4672847459915537E-002
  0.91938707528314456       -7.4114481085466449E-002
  0.92005329780146572       -7.3555227006129403E-002
  0.92071952031978688       -7.2995085221905037E-002
  0.92138574283810792       -7.2434055732792046E-002
  0.92205196535642908       -7.1872138538791569E-002
  0.92271818787475013       -7.1309333639903313E-002
  0.92338441039307129       -7.0745641036127030E-002
  0.92405063291139244       -7.0181060727463079E-002
  0.92471685542971349       -6.9615592713911337E-002
  0.92538307794803465       -6.9049236995471580E-002
  0.92604930046635581       -6.8481993572144101E-002
  0.92671552298467685       -6.7913862443928871E-002
  0.92738174550299801       -6.7344843610825558E-002
  0.92804796802131917       -6.6774937072834772E-002
  0.92871419053964022       -6.6204142829955751E-002
  0.92938041305796137       -6.5632460882189173E-002
  0.93004663557628253       -6.5059891229534525E-002
  0.93071285809460358       -6.4486433871992155E-002
  0.93137908061292474       -6.3912088809561923E-002
  0.93204530313124589       -6.3336856042243997E-002
  0.93271152564956694       -6.2760735570038181E-002
  0.93337774816788810       -6.2183727392944407E-002
  0.93404397068620926       -6.1605831510962827E-002
  0.93471019320453030       -6.1027047924093400E-002
  0.93537641572285146       -6.0447376632336215E-002
  0.93604263824117262       -5.9866817635691100E-002
  0.93670886075949367       -5.9285370934158317E-002
  0.93737508327781482       -5.8703036527737638E-002
  0.93804130579613587       -5.8119814416429050E-002
  0.93870752831445703       -5.7535704600232600E-002
  0.93937375083277819       -5.6950707079148337E-002
  0.94003997335109923       -5.6364821853176289E-002
  0.94070619586942039       -5.5778048922316387E-002
  0.94137241838774155       -5.5190388286568699E-002
  0.94203864090606260       -5.4601839945933081E-002
  0.94270486342438375       -5.4012403900409657E-002
  0.94337108594270491       -5.3422080149998392E-002
  0.94403730846102596       -5.2830868694699301E-002
  0.94470353097934712       -5.2238769534512293E-002
  0.94536975349766827       -5.1645782669437486E-002
  0.94603597601598932       -5.1051908099474873E-002
  0.94670219853431048       -5.0457145824624385E-002
  0.94736842105263164       -4.9861495844886278E-002
  0.94803464357095268       -4.9264958160260081E-002
  0.94870086608927384       -4.8667532770746119E-002
  0.94936708860759500       -4.8069219676344505E-002
  0.95003331112591605       -4.7470018877054758E-002
  0.95069953364423720       -4.6869930372877178E-002
  0.95136575616255836       -4.6268954163811854E-002
  0.95203197868087941       -4.5667090249858780E-002
  0.95269820119920057       -4.5064338631017824E-002
  0.95336442371752173       -4.4460699307288999E-002
  0.95403064623584277       -4.3856172278672334E-002
  0.95469686875416393       -4.3250757545167891E-002
  0.95536309127248498       -4.2644455106775586E-002
  0.95602931379080613       -4.2037264963495406E-002
  0.95669553630912729       -4.1429187115327420E-002
  0.95736175882744834       -4.0820221562271608E-002
  0.95802798134576950       -4.0210368304327983E-002
  0.95869420386409065       -3.9599627341496503E-002
  0.95936042638241170       -3.8987998673777148E-002
  0.96002664890073286       -3.8375482301169973E-002
  0.96069287141905402       -3.7762078223674986E-002
  0.96135909393737506       -3.7147786441292172E-002
  0.96202531645569622       -3.6532606954021517E-002
  0.96269153897401738       -3.5916539761862966E-002
  0.96335776149233843       -3.5299584864816665E-002
  0.96402398401065958       -3.4681742262882460E-002
  0.96469020652898074       -3.4063011956060443E-002
  0.96535642904730179       -3.3443393944350516E-002
  0.96602265156562295       -3.2822888227752894E-002
  0.96668887408394411       -3.2201494806267404E-002
  0.96735509660226515       -3.1579213679893990E-002
  0.96802131912058631       -3.0956044848632788E-002
  0.96868754163890747       -3.0331988312483744E-002
  0.96935376415722851       -2.9707044071446895E-002
  0.97001998667554967       -2.9081212125522185E-002
  0.97068620919387072       -2.8454492474709644E-002
  0.97135243171219188       -2.7826885119009284E-002
  0.97201865423051304       -2.7198390058421073E-002
  0.97268487674883408       -2.6569007292944941E-002
  0.97335109926715524       -2.5938736822581108E-002
  0.97401732178547640       -2.5307578647329382E-002
  0.97468354430379744       -2.4675532767189937E-002
  0.97534976682211860       -2.4042599182162450E-002
  0.97601598934043976       -2.3408777892247233E-002
  0.97668221185876081       -2.2774068897444176E-002
  0.97734843437708196       -2.2138472197753299E-002
  0.97801465689540312       -2.1501987793174544E-002
  0.97868087941372417       -2.0864615683707986E-002
  0.97934710193204533       -2.0226355869353580E-002
  0.98001332445036649       -1.9587208350111313E-002
  0.98067954696868753       -1.8947173125981265E-002
  0.98134576948700869       -1.8306250196963310E-002
  0.98201199200532985       -1.7664439563057591E-002
  0.98267821452365089       -1.7021741224263975E-002
  0.98334443704197205       -1.6378155180582561E-002
  0.98401065956029321       -1.5733681432013275E-002
  0.98467688207861426       -1.5088319978556185E-002
  0.98534310459693542       -1.4442070820211244E-002
  0.98600932711525646       -1.3794933956978473E-002
  0.98667554963357762       -1.3146909388857837E-002
  0.98734177215189878       -1.2497997115849445E-002
  0.98800799467021982       -1.1848197137953122E-002
  0.98867421718854098       -1.1197509455169006E-002
  0.98934043970686214       -1.0545934067497053E-002
  0.99000666222518319       -9.8934709749372435E-003
  0.99067288474350435       -9.2401201774896195E-003
  0.99133910726182550       -8.5858816751541531E-003
  0.99200532978014655       -7.9307554679308567E-003
  0.99267155229846771       -7.2747415558197222E-003
  0.99333777481678887       -6.6178399388207368E-003
  0.99400399733510991       -5.9600506169339325E-003
  0.99467021985343107       -5.3013735901592893E-003
  0.99533644237175223       -4.6418088584967978E-003
  0.99600266489007327       -3.9813564219464805E-003
  0.99666888740839443       -3.3200162805083195E-003
  0.99733510992671559       -2.6577884341823345E-003
  0.99800133244503664       -1.9946728829685033E-003
  0.99866755496335780       -1.3306696268668399E-003
  0.99933377748167895       -6.6577866587733798E-004
   1.0000000000000000        0.0000000000000000     
