#abscisse               ordonnée
   0.0000000000000000       -0.0000000000000000     
   1.2272272272272273E-003  -1.2569630746453987E-004
   2.4544544544544545E-003  -2.5139160734311217E-004
   3.6816816816816816E-003  -3.7708489204974941E-004
   4.9089089089089091E-003  -5.0277515399848433E-004
   6.1361361361361366E-003  -6.2846138560334903E-004
   7.3633633633633632E-003  -7.5414257927837599E-004
   8.5905905905905907E-003  -8.7981772743759819E-004
   9.8178178178178182E-003  -1.0054858224950477E-003
   1.1045045045045046E-002  -1.1311458568647569E-003
   1.2272272272272273E-002  -1.2567968229607591E-003
   1.3499499499499501E-002  -1.3824377131970854E-003
   1.4726726726726726E-002  -1.5080675199877691E-003
   1.5953953953953954E-002  -1.6336852357468432E-003
   1.7181181181181181E-002  -1.7592898528883394E-003
   1.8408408408408409E-002  -1.8848803638262901E-003
   1.9635635635635636E-002  -2.0104557609747285E-003
   2.0862862862862864E-002  -2.1360150367476867E-003
   2.2090090090090091E-002  -2.2615571835591969E-003
   2.3317317317317319E-002  -2.3870811938232922E-003
   2.4544544544544546E-002  -2.5125860599540047E-003
   2.5771771771771774E-002  -2.6380707743653667E-003
   2.6998998998999001E-002  -2.7635343294714113E-003
   2.8226226226226229E-002  -2.8889757176861703E-003
   2.9453453453453453E-002  -3.0143939314236754E-003
   3.0680680680680680E-002  -3.1397879630979614E-003
   3.1907907907907908E-002  -3.2651568051230593E-003
   3.3135135135135135E-002  -3.3904994499130026E-003
   3.4362362362362363E-002  -3.5158148898818218E-003
   3.5589589589589590E-002  -3.6411021174435512E-003
   3.6816816816816818E-002  -3.7663601250122231E-003
   3.8044044044044045E-002  -3.8915879050018692E-003
   3.9271271271271273E-002  -4.0167844498265222E-003
   4.0498498498498500E-002  -4.1419487519002160E-003
   4.1725725725725728E-002  -4.2670798036369799E-003
   4.2952952952952955E-002  -4.3921765974508494E-003
   4.4180180180180183E-002  -4.5172381257558561E-003
   4.5407407407407410E-002  -4.6422633809660328E-003
   4.6634634634634638E-002  -4.7672513554954101E-003
   4.7861861861861865E-002  -4.8922010417580221E-003
   4.9089089089089093E-002  -5.0171114321679025E-003
   5.0316316316316320E-002  -5.1419815191390810E-003
   5.1543543543543548E-002  -5.2668102950855934E-003
   5.2770770770770775E-002  -5.3915967524214674E-003
   5.3997997997998003E-002  -5.5163398835607396E-003
   5.5225225225225230E-002  -5.6410386809174415E-003
   5.6452452452452458E-002  -5.7656921369056043E-003
   5.7679679679679685E-002  -5.8902992439392619E-003
   5.8906906906906906E-002  -6.0148589944324466E-003
   6.0134134134134133E-002  -6.1393703807991916E-003
   6.1361361361361361E-002  -6.2638323954535271E-003
   6.2588588588588595E-002  -6.3882440308094882E-003
   6.3815815815815816E-002  -6.5126042792811051E-003
   6.5043043043043050E-002  -6.6369121332824120E-003
   6.6270270270270271E-002  -6.7611665852274393E-003
   6.7497497497497505E-002  -6.8853666275302226E-003
   6.8724724724724726E-002  -7.0095112526047908E-003
   6.9951951951951960E-002  -7.1335994528651803E-003
   7.1179179179179181E-002  -7.2576302207254207E-003
   7.2406406406406415E-002  -7.3816025485995453E-003
   7.3633633633633636E-002  -7.5055154289015861E-003
   7.4860860860860870E-002  -7.6293678540455762E-003
   7.6088088088088091E-002  -7.7531588164455479E-003
   7.7315315315315325E-002  -7.8768873085155369E-003
   7.8542542542542546E-002  -8.0005523226695675E-003
   7.9769769769769766E-002  -8.1241528513216789E-003
   8.0996996996997001E-002  -8.2476878868859051E-003
   8.2224224224224221E-002  -8.3711564217762713E-003
   8.3451451451451455E-002  -8.4945574484068167E-003
   8.4678678678678676E-002  -8.6178899591915700E-003
   8.5905905905905910E-002  -8.7411529465445652E-003
   8.7133133133133131E-002  -8.8643454028798328E-003
   8.8360360360360365E-002  -8.9874663206114102E-003
   8.9587587587587586E-002  -9.1105146921533244E-003
   9.0814814814814820E-002  -9.2334895099196110E-003
   9.2042042042042041E-002  -9.3563897663243006E-003
   9.3269269269269275E-002  -9.4792144537814288E-003
   9.4496496496496496E-002  -9.6019625647050244E-003
   9.5723723723723730E-002  -9.7246330915091231E-003
   9.6950950950950951E-002  -9.8472250266077518E-003
   9.8178178178178185E-002  -9.9697373624149516E-003
   9.9405405405405406E-002  -1.0092169091344748E-002
  0.10063263263263264       -1.0214519205811177E-002
  0.10185985985985986       -1.0336786698228266E-002
  0.10308708708708710       -1.0458970561010058E-002
  0.10431431431431432       -1.0581069786570571E-002
  0.10554154154154155       -1.0703083367323852E-002
  0.10676876876876877       -1.0825010295683925E-002
  0.10799599599599601       -1.0946849564064824E-002
  0.10922322322322323       -1.1068600164880581E-002
  0.11045045045045046       -1.1190261090545229E-002
  0.11167767767767768       -1.1311831333472801E-002
  0.11290490490490492       -1.1433309886077332E-002
  0.11413213213213214       -1.1554695740772848E-002
  0.11535935935935937       -1.1675987889973385E-002
  0.11658658658658659       -1.1797185326092981E-002
  0.11781381381381381       -1.1918287041545659E-002
  0.11904104104104105       -1.2039292028745456E-002
  0.12026826826826827       -1.2160199280106405E-002
  0.12149549549549550       -1.2281007788042541E-002
  0.12272272272272272       -1.2401716544967887E-002
  0.12394994994994996       -1.2522324543296486E-002
  0.12517717717717719       -1.2642830775442364E-002
  0.12640440440440440       -1.2763234233819554E-002
  0.12763163163163163       -1.2883533910842095E-002
  0.12885885885885887       -1.3003728798924011E-002
  0.13008608608608610       -1.3123817890479339E-002
  0.13131331331331331       -1.3243800177922109E-002
  0.13254054054054054       -1.3363674653666358E-002
  0.13376776776776778       -1.3483440310126115E-002
  0.13499499499499501       -1.3603096139715417E-002
  0.13622222222222222       -1.3722641134848281E-002
  0.13744944944944945       -1.3842074287938762E-002
  0.13867667667667669       -1.3961394591400878E-002
  0.13990390390390392       -1.4080601037648665E-002
  0.14113113113113113       -1.4199692619096151E-002
  0.14235835835835836       -1.4318668328157378E-002
  0.14358558558558560       -1.4437527157246374E-002
  0.14481281281281283       -1.4556268098777169E-002
  0.14604004004004004       -1.4674890145163797E-002
  0.14726726726726727       -1.4793392288820291E-002
  0.14849449449449451       -1.4911773522160688E-002
  0.14972172172172174       -1.5030032837599008E-002
  0.15094894894894895       -1.5148169227549295E-002
  0.15217617617617618       -1.5266181684425577E-002
  0.15340340340340342       -1.5384069200641892E-002
  0.15463063063063065       -1.5501830768612265E-002
  0.15585785785785786       -1.5619465380750729E-002
  0.15708508508508509       -1.5736972029471323E-002
  0.15831231231231233       -1.5854349707188072E-002
  0.15953953953953953       -1.5971597406315010E-002
  0.16076676676676677       -1.6088714119266174E-002
  0.16199399399399400       -1.6205698838455594E-002
  0.16322122122122124       -1.6322550556297302E-002
  0.16444844844844844       -1.6439268265205330E-002
  0.16567567567567568       -1.6555850957593713E-002
  0.16690290290290291       -1.6672297625876478E-002
  0.16813013013013015       -1.6788607262467666E-002
  0.16935735735735735       -1.6904778859781297E-002
  0.17058458458458459       -1.7020811410231419E-002
  0.17181181181181182       -1.7136703906232058E-002
  0.17303903903903906       -1.7252455340197242E-002
  0.17426626626626626       -1.7368064704541004E-002
  0.17549349349349350       -1.7483530991677380E-002
  0.17672072072072073       -1.7598853194020402E-002
  0.17794794794794797       -1.7714030303984104E-002
  0.17917517517517517       -1.7829061313982514E-002
  0.18040240240240241       -1.7943945216429672E-002
  0.18162962962962964       -1.8058681003739599E-002
  0.18285685685685688       -1.8173267668326339E-002
  0.18408408408408408       -1.8287704202603915E-002
  0.18531131131131132       -1.8401989598986365E-002
  0.18653853853853855       -1.8516122849887722E-002
  0.18776576576576579       -1.8630102947722018E-002
  0.18899299299299299       -1.8743928884903279E-002
  0.19022022022022023       -1.8857599653845550E-002
  0.19144744744744746       -1.8971114246962854E-002
  0.19267467467467470       -1.9084471656669225E-002
  0.19390190190190190       -1.9197670875378697E-002
  0.19512912912912914       -1.9310710895505304E-002
  0.19635635635635637       -1.9423590709463073E-002
  0.19758358358358358       -1.9536309309666038E-002
  0.19881081081081081       -1.9648865688528239E-002
  0.20003803803803805       -1.9761258838463705E-002
  0.20126526526526528       -1.9873487751886458E-002
  0.20249249249249249       -1.9985551421210539E-002
  0.20371971971971972       -2.0097448838849986E-002
  0.20494694694694696       -2.0209178997218826E-002
  0.20617417417417419       -2.0320740888731086E-002
  0.20740140140140140       -2.0432133505800806E-002
  0.20862862862862863       -2.0543355840842017E-002
  0.20985585585585587       -2.0654406886268753E-002
  0.21108308308308310       -2.0765285634495045E-002
  0.21231031031031031       -2.0875991077934915E-002
  0.21353753753753754       -2.0986522209002410E-002
  0.21476476476476478       -2.1096878020111561E-002
  0.21599199199199201       -2.1207057503676401E-002
  0.21721921921921922       -2.1317059652110948E-002
  0.21844644644644645       -2.1426883457829254E-002
  0.21967367367367369       -2.1536527913245337E-002
  0.22090090090090092       -2.1645992010773236E-002
  0.22212812812812813       -2.1755274742826982E-002
  0.22335535535535536       -2.1864375101820613E-002
  0.22458258258258260       -2.1973292080168152E-002
  0.22580980980980983       -2.2082024670283643E-002
  0.22703703703703704       -2.2190571864581097E-002
  0.22826426426426427       -2.2298932655474574E-002
  0.22949149149149151       -2.2407106035378092E-002
  0.23071871871871874       -2.2515090996705678E-002
  0.23194594594594595       -2.2622886531871375E-002
  0.23317317317317318       -2.2730491633289215E-002
  0.23440040040040042       -2.2837905293373224E-002
  0.23562762762762762       -2.2945126504537436E-002
  0.23685485485485486       -2.3052154259195892E-002
  0.23808208208208209       -2.3158987549762620E-002
  0.23930930930930933       -2.3265625368651642E-002
  0.24053653653653653       -2.3372066708277003E-002
  0.24176376376376377       -2.3478310561052734E-002
  0.24299099099099100       -2.3584355919392858E-002
  0.24421821821821824       -2.3690201775711416E-002
  0.24544544544544544       -2.3795847122422435E-002
  0.24667267267267268       -2.3901290951939960E-002
  0.24789989989989991       -2.4006532256678016E-002
  0.24912712712712715       -2.4111570029050629E-002
  0.25035435435435438       -2.4216403261471838E-002
  0.25158158158158161       -2.4321030946355671E-002
  0.25280880880880879       -2.4425452076116169E-002
  0.25403603603603603       -2.4529665643167359E-002
  0.25526326326326326       -2.4633670639923270E-002
  0.25649049049049050       -2.4737466058797935E-002
  0.25771771771771773       -2.4841050892205400E-002
  0.25894494494494497       -2.4944424132559682E-002
  0.26017217217217220       -2.5047584772274822E-002
  0.26139939939939943       -2.5150531803764847E-002
  0.26262662662662661       -2.5253264219443784E-002
  0.26385385385385385       -2.5355781011725680E-002
  0.26508108108108108       -2.5458081173024564E-002
  0.26630830830830832       -2.5560163695754461E-002
  0.26753553553553555       -2.5662027572329403E-002
  0.26876276276276279       -2.5763671795163434E-002
  0.26998998998999002       -2.5865095356670580E-002
  0.27121721721721725       -2.5966297249264872E-002
  0.27244444444444443       -2.6067276465360334E-002
  0.27367167167167167       -2.6168031997371017E-002
  0.27489889889889890       -2.6268562837710948E-002
  0.27612612612612614       -2.6368867978794151E-002
  0.27735335335335337       -2.6468946413034673E-002
  0.27858058058058061       -2.6568797132846520E-002
  0.27980780780780784       -2.6668419130643752E-002
  0.28103503503503502       -2.6767811398840387E-002
  0.28226226226226225       -2.6866972929850460E-002
  0.28348948948948949       -2.6965902716088008E-002
  0.28471671671671672       -2.7064599749967066E-002
  0.28594394394394396       -2.7163063023901653E-002
  0.28717117117117119       -2.7261291530305813E-002
  0.28839839839839843       -2.7359284261593571E-002
  0.28962562562562566       -2.7457040210178967E-002
  0.29085285285285284       -2.7554558368476027E-002
  0.29208008008008007       -2.7651837728898791E-002
  0.29330730730730731       -2.7748877283861280E-002
  0.29453453453453454       -2.7845676025777540E-002
  0.29576176176176178       -2.7942232947061597E-002
  0.29698898898898901       -2.8038547040127478E-002
  0.29821621621621625       -2.8134617297389228E-002
  0.29944344344344348       -2.8230442711260864E-002
  0.30067067067067066       -2.8326022274156430E-002
  0.30189789789789789       -2.8421354978489959E-002
  0.30312512512512513       -2.8516439816675478E-002
  0.30435235235235236       -2.8611275781127009E-002
  0.30557957957957960       -2.8705861864258612E-002
  0.30680680680680683       -2.8800197058484304E-002
  0.30803403403403407       -2.8894280356218112E-002
  0.30926126126126130       -2.8988110749874077E-002
  0.31048848848848848       -2.9081687231866219E-002
  0.31171571571571571       -2.9175008794608593E-002
  0.31294294294294295       -2.9268074430515208E-002
  0.31417017017017018       -2.9360883132000117E-002
  0.31539739739739742       -2.9453433891477337E-002
  0.31662462462462465       -2.9545725701360909E-002
  0.31785185185185189       -2.9637757554064864E-002
  0.31907907907907906       -2.9729528442003224E-002
  0.32030630630630630       -2.9821037357590036E-002
  0.32153353353353353       -2.9912283293239330E-002
  0.32276076076076077       -3.0003265241365134E-002
  0.32398798798798800       -3.0093982194381481E-002
  0.32521521521521524       -3.0184433144702399E-002
  0.32644244244244247       -3.0274617084741932E-002
  0.32766966966966971       -3.0364533006914107E-002
  0.32889689689689688       -3.0454179903632955E-002
  0.33012412412412412       -3.0543556767312505E-002
  0.33135135135135135       -3.0632662590366802E-002
  0.33257857857857859       -3.0721496365209867E-002
  0.33380580580580582       -3.0810057084255740E-002
  0.33503303303303306       -3.0898343739918441E-002
  0.33626026026026029       -3.0986355324612018E-002
  0.33748748748748753       -3.1074090830750491E-002
  0.33871471471471470       -3.1161549250747895E-002
  0.33994194194194194       -3.1248729577018273E-002
  0.34116916916916917       -3.1335630801975649E-002
  0.34239639639639641       -3.1422251918034050E-002
  0.34362362362362364       -3.1508591917607527E-002
  0.34485085085085088       -3.1594649793110087E-002
  0.34607807807807811       -3.1680424536955784E-002
  0.34730530530530535       -3.1765915141558632E-002
  0.34853253253253252       -3.1851120599332684E-002
  0.34975975975975976       -3.1936039902691962E-002
  0.35098698698698699       -3.2020672044050492E-002
  0.35221421421421423       -3.2105016015822316E-002
  0.35344144144144146       -3.2189070810421466E-002
  0.35466866866866870       -3.2272835420261978E-002
  0.35589589589589593       -3.2356308837757870E-002
  0.35712312312312311       -3.2439490055323178E-002
  0.35835035035035034       -3.2522378065371949E-002
  0.35957757757757758       -3.2604971860318202E-002
  0.36080480480480481       -3.2687270432575972E-002
  0.36203203203203205       -3.2769272774559301E-002
  0.36325925925925928       -3.2850977878682207E-002
  0.36448648648648652       -3.2932384737358732E-002
  0.36571371371371375       -3.3013492343002909E-002
  0.36694094094094093       -3.3094299688028760E-002
  0.36816816816816816       -3.3174805764850324E-002
  0.36939539539539540       -3.3255009565881635E-002
  0.37062262262262263       -3.3334910083536728E-002
  0.37184984984984987       -3.3414506310229630E-002
  0.37307707707707710       -3.3493797238374375E-002
  0.37430430430430434       -3.3572781860385002E-002
  0.37553153153153157       -3.3651459168675527E-002
  0.37675875875875875       -3.3729828155660002E-002
  0.37798598598598598       -3.3807887813752442E-002
  0.37921321321321322       -3.3885637135366894E-002
  0.38044044044044045       -3.3963075112917379E-002
  0.38166766766766769       -3.4040200738817944E-002
  0.38289489489489492       -3.4117013005482609E-002
  0.38412212212212216       -3.4193510905325401E-002
  0.38534934934934939       -3.4269693430760369E-002
  0.38657657657657657       -3.4345559574201538E-002
  0.38780380380380380       -3.4421108328062944E-002
  0.38903103103103104       -3.4496338684758605E-002
  0.39025825825825827       -3.4571249636702571E-002
  0.39148548548548551       -3.4645840176308867E-002
  0.39271271271271274       -3.4720109295991529E-002
  0.39393993993993998       -3.4794055988164589E-002
  0.39516716716716715       -3.4867679245242068E-002
  0.39639439439439439       -3.4940978059638007E-002
  0.39762162162162162       -3.5013951423766447E-002
  0.39884884884884886       -3.5086598330041407E-002
  0.40007607607607609       -3.5158917770876930E-002
  0.40130330330330333       -3.5230908738687040E-002
  0.40253053053053056       -3.5302570225885774E-002
  0.40375775775775780       -3.5373901224887171E-002
  0.40498498498498497       -3.5444900728105244E-002
  0.40621221221221221       -3.5515567727954042E-002
  0.40743943943943944       -3.5585901216847599E-002
  0.40866666666666668       -3.5655900187199940E-002
  0.40989389389389391       -3.5725563631425088E-002
  0.41112112112112115       -3.5794890541937102E-002
  0.41234834834834838       -3.5863879911149990E-002
  0.41357557557557562       -3.5932530731477785E-002
  0.41480280280280279       -3.6000841995334543E-002
  0.41603003003003003       -3.6068812695134282E-002
  0.41725725725725726       -3.6136441823291017E-002
  0.41848448448448450       -3.6203728372218809E-002
  0.41971171171171173       -3.6270671334331685E-002
  0.42093893893893897       -3.6337269702043665E-002
  0.42216616616616620       -3.6403522467768790E-002
  0.42339339339339344       -3.6469428623921087E-002
  0.42462062062062061       -3.6534987162914589E-002
  0.42584784784784785       -3.6600197077163339E-002
  0.42707507507507508       -3.6665057359081363E-002
  0.42830230230230232       -3.6729567001082687E-002
  0.42952952952952955       -3.6793724995581353E-002
  0.43075675675675679       -3.6857530334991381E-002
  0.43198398398398402       -3.6920982011726826E-002
  0.43321121121121120       -3.6984079018201693E-002
  0.43443843843843843       -3.7046820346830024E-002
  0.43566566566566567       -3.7109204990025867E-002
  0.43689289289289290       -3.7171231940203241E-002
  0.43812012012012014       -3.7232900189776180E-002
  0.43934734734734737       -3.7294208731158705E-002
  0.44057457457457461       -3.7355156556764878E-002
  0.44180180180180184       -3.7415742659008711E-002
  0.44302902902902902       -3.7475966030304238E-002
  0.44425625625625625       -3.7535825663065472E-002
  0.44548348348348349       -3.7595320549706483E-002
  0.44671071071071072       -3.7654449682641290E-002
  0.44793793793793796       -3.7713212054283927E-002
  0.44916516516516519       -3.7771606657048415E-002
  0.45039239239239243       -3.7829632483348793E-002
  0.45161961961961966       -3.7887288525599090E-002
  0.45284684684684684       -3.7944573776213346E-002
  0.45407407407407407       -3.8001487227605581E-002
  0.45530130130130131       -3.8058027872189849E-002
  0.45652852852852854       -3.8114194702380158E-002
  0.45775575575575578       -3.8169986710590562E-002
  0.45898298298298301       -3.8225402889235080E-002
  0.46021021021021025       -3.8280442230727740E-002
  0.46143743743743748       -3.8335103727482597E-002
  0.46266466466466466       -3.8389386371913664E-002
  0.46389189189189189       -3.8443289156434975E-002
  0.46511911911911913       -3.8496811073460563E-002
  0.46634634634634636       -3.8549951115404463E-002
  0.46757357357357360       -3.8602708274680715E-002
  0.46880080080080083       -3.8655081543703347E-002
  0.47002802802802807       -3.8707069914886379E-002
  0.47125525525525525       -3.8758672380643858E-002
  0.47248248248248248       -3.8809887933389811E-002
  0.47370970970970971       -3.8860715565538280E-002
  0.47493693693693695       -3.8911154269503277E-002
  0.47616416416416418       -3.8961203037698858E-002
  0.47739139139139142       -3.9010860862539028E-002
  0.47861861861861865       -3.9060126736437849E-002
  0.47984584584584589       -3.9108999651809334E-002
  0.48107307307307307       -3.9157478601067518E-002
  0.48230030030030030       -3.9205562576626447E-002
  0.48352752752752753       -3.9253250570900136E-002
  0.48475475475475477       -3.9300541576302625E-002
  0.48598198198198200       -3.9347434585247948E-002
  0.48720920920920924       -3.9393928590150125E-002
  0.48843643643643647       -3.9440022583423218E-002
  0.48966366366366371       -3.9485715557481225E-002
  0.49089089089089089       -3.9531006504738196E-002
  0.49211811811811812       -3.9575894417608171E-002
  0.49334534534534535       -3.9620378288505169E-002
  0.49457257257257259       -3.9664457109843225E-002
  0.49579979979979982       -3.9708129874036373E-002
  0.49702702702702706       -3.9751395573498653E-002
  0.49825425425425429       -3.9794253200644079E-002
  0.49948148148148153       -3.9836701747886706E-002
  0.50070870870870876       -3.9878740207640546E-002
  0.50193593593593600       -3.9920367572319648E-002
  0.50316316316316323       -3.9961582834338032E-002
  0.50439039039039046       -4.0002384986109737E-002
  0.50561761761761759       -4.0042773020048786E-002
  0.50684484484484482       -4.0082745928569224E-002
  0.50807207207207206       -4.0122302704085087E-002
  0.50929929929929929       -4.0161442339010388E-002
  0.51052652652652653       -4.0200163825759187E-002
  0.51175375375375376       -4.0238466156745485E-002
  0.51298098098098099       -4.0276348324383329E-002
  0.51420820820820823       -4.0313809321086760E-002
  0.51543543543543546       -4.0350848139269806E-002
  0.51666266266266270       -4.0387463771346485E-002
  0.51788988988988993       -4.0423655209730854E-002
  0.51911711711711717       -4.0459421446836931E-002
  0.52034434434434440       -4.0494761475078744E-002
  0.52157157157157163       -4.0529674286870335E-002
  0.52279879879879887       -4.0564158874625722E-002
  0.52402602602602599       -4.0598214230758954E-002
  0.52525325325325323       -4.0631839347684065E-002
  0.52648048048048046       -4.0665033217815075E-002
  0.52770770770770770       -4.0697794833566024E-002
  0.52893493493493493       -4.0730123187350933E-002
  0.53016216216216216       -4.0762017271583864E-002
  0.53138938938938940       -4.0793476078678816E-002
  0.53261661661661663       -4.0824498601049836E-002
  0.53384384384384387       -4.0855083831110944E-002
  0.53507107107107110       -4.0885230761276196E-002
  0.53629829829829834       -4.0914938383959619E-002
  0.53752552552552557       -4.0944205691575225E-002
  0.53875275275275281       -4.0973031676537063E-002
  0.53997997997998004       -4.1001415331259172E-002
  0.54120720720720727       -4.1029355648155567E-002
  0.54243443443443451       -4.1056851619640296E-002
  0.54366166166166163       -4.1083902238127364E-002
  0.54488888888888887       -4.1110506496030839E-002
  0.54611611611611610       -4.1136663385764737E-002
  0.54734334334334334       -4.1162371899743096E-002
  0.54857057057057057       -4.1187631030379937E-002
  0.54979779779779780       -4.1212439770089301E-002
  0.55102502502502504       -4.1236797111285216E-002
  0.55225225225225227       -4.1260702046381728E-002
  0.55347947947947951       -4.1284153567792851E-002
  0.55470670670670674       -4.1307150667932620E-002
  0.55593393393393398       -4.1329692339215081E-002
  0.55716116116116121       -4.1351777574054255E-002
  0.55838838838838845       -4.1373405364864183E-002
  0.55961561561561568       -4.1394574704058891E-002
  0.56084284284284291       -4.1415284584052421E-002
  0.56207007007007004       -4.1435533997258779E-002
  0.56329729729729727       -4.1455321936092027E-002
  0.56452452452452451       -4.1474647392966184E-002
  0.56575175175175174       -4.1493509360295285E-002
  0.56697897897897898       -4.1511906830493356E-002
  0.56820620620620621       -4.1529838795974439E-002
  0.56943343343343344       -4.1547304249152581E-002
  0.57066066066066068       -4.1564302182441774E-002
  0.57188788788788791       -4.1580831588256081E-002
  0.57311511511511515       -4.1596891459009529E-002
  0.57434234234234238       -4.1612480787116150E-002
  0.57556956956956962       -4.1627598564989966E-002
  0.57679679679679685       -4.1642243785045024E-002
  0.57802402402402409       -4.1656415439695352E-002
  0.57925125125125132       -4.1670112521354982E-002
  0.58047847847847855       -4.1683334022437943E-002
  0.58170570570570568       -4.1696078935358268E-002
  0.58293293293293291       -4.1708346252530004E-002
  0.58416016016016015       -4.1720134966367159E-002
  0.58538738738738738       -4.1731444069283780E-002
  0.58661461461461462       -4.1742272553693886E-002
  0.58784184184184185       -4.1752619412011534E-002
  0.58906906906906908       -4.1762483636650749E-002
  0.59029629629629632       -4.1771864220025545E-002
  0.59152352352352355       -4.1780760154549977E-002
  0.59275075075075079       -4.1789170432638051E-002
  0.59397797797797802       -4.1797094046703835E-002
  0.59520520520520526       -4.1804529989161336E-002
  0.59643243243243249       -4.1811477252424588E-002
  0.59765965965965973       -4.1817934828907638E-002
  0.59888688688688696       -4.1823901711024493E-002
  0.60011411411411408       -4.1829376891189214E-002
  0.60134134134134132       -4.1834359361815822E-002
  0.60256856856856855       -4.1838848115318343E-002
  0.60379579579579579       -4.1842842144110819E-002
  0.60502302302302302       -4.1846340440607276E-002
  0.60625025025025026       -4.1849341997221755E-002
  0.60747747747747749       -4.1851845806368269E-002
  0.60870470470470472       -4.1853850860460867E-002
  0.60993193193193196       -4.1855356151913589E-002
  0.61115915915915919       -4.1856360673140448E-002
  0.61238638638638643       -4.1856863416555486E-002
  0.61361361361361366       -4.1856863416555486E-002
  0.61484084084084090       -4.1856360673140448E-002
  0.61606806806806813       -4.1855356151913582E-002
  0.61729529529529537       -4.1853850860460860E-002
  0.61852252252252260       -4.1851845806368256E-002
  0.61974974974974972       -4.1849341997221734E-002
  0.62097697697697696       -4.1846340440607269E-002
  0.62220420420420419       -4.1842842144110812E-002
  0.62343143143143143       -4.1838848115318329E-002
  0.62465865865865866       -4.1834359361815815E-002
  0.62588588588588590       -4.1829376891189207E-002
  0.62711311311311313       -4.1823901711024493E-002
  0.62834034034034036       -4.1817934828907624E-002
  0.62956756756756760       -4.1811477252424574E-002
  0.63079479479479483       -4.1804529989161315E-002
  0.63202202202202207       -4.1797094046703828E-002
  0.63324924924924930       -4.1789170432638044E-002
  0.63447647647647654       -4.1780760154549956E-002
  0.63570370370370377       -4.1771864220025531E-002
  0.63693093093093101       -4.1762483636650728E-002
  0.63815815815815813       -4.1752619412011520E-002
  0.63938538538538536       -4.1742272553693879E-002
  0.64061261261261260       -4.1731444069283766E-002
  0.64183983983983983       -4.1720134966367138E-002
  0.64306706706706707       -4.1708346252529983E-002
  0.64429429429429430       -4.1696078935358254E-002
  0.64552152152152154       -4.1683334022437936E-002
  0.64674874874874877       -4.1670112521354968E-002
  0.64797597597597600       -4.1656415439695345E-002
  0.64920320320320324       -4.1642243785045011E-002
  0.65043043043043047       -4.1627598564989959E-002
  0.65165765765765771       -4.1612480787116130E-002
  0.65288488488488494       -4.1596891459009515E-002
  0.65411211211211218       -4.1580831588256074E-002
  0.65533933933933941       -4.1564302182441761E-002
  0.65656656656656665       -4.1547304249152553E-002
  0.65779379379379377       -4.1529838795974432E-002
  0.65902102102102100       -4.1511906830493349E-002
  0.66024824824824824       -4.1493509360295271E-002
  0.66147547547547547       -4.1474647392966170E-002
  0.66270270270270271       -4.1455321936092020E-002
  0.66392992992992994       -4.1435533997258772E-002
  0.66515715715715718       -4.1415284584052400E-002
  0.66638438438438441       -4.1394574704058884E-002
  0.66761161161161164       -4.1373405364864176E-002
  0.66883883883883888       -4.1351777574054248E-002
  0.67006606606606611       -4.1329692339215067E-002
  0.67129329329329335       -4.1307150667932613E-002
  0.67252052052052058       -4.1284153567792838E-002
  0.67374774774774782       -4.1260702046381714E-002
  0.67497497497497505       -4.1236797111285216E-002
  0.67620220220220217       -4.1212439770089294E-002
  0.67742942942942941       -4.1187631030379930E-002
  0.67865665665665664       -4.1162371899743082E-002
  0.67988388388388388       -4.1136663385764730E-002
  0.68111111111111111       -4.1110506496030826E-002
  0.68233833833833835       -4.1083902238127357E-002
  0.68356556556556558       -4.1056851619640282E-002
  0.68479279279279281       -4.1029355648155560E-002
  0.68602002002002005       -4.1001415331259165E-002
  0.68724724724724728       -4.0973031676537056E-002
  0.68847447447447452       -4.0944205691575211E-002
  0.68970170170170175       -4.0914938383959598E-002
  0.69092892892892899       -4.0885230761276189E-002
  0.69215615615615622       -4.0855083831110937E-002
  0.69338338338338346       -4.0824498601049815E-002
  0.69461061061061069       -4.0793476078678795E-002
  0.69583783783783781       -4.0762017271583857E-002
  0.69706506506506505       -4.0730123187350926E-002
  0.69829229229229228       -4.0697794833566010E-002
  0.69951951951951952       -4.0665033217815068E-002
  0.70074674674674675       -4.0631839347684051E-002
  0.70197397397397399       -4.0598214230758947E-002
  0.70320120120120122       -4.0564158874625715E-002
  0.70442842842842845       -4.0529674286870314E-002
  0.70565565565565569       -4.0494761475078724E-002
  0.70688288288288292       -4.0459421446836917E-002
  0.70811011011011016       -4.0423655209730847E-002
  0.70933733733733739       -4.0387463771346478E-002
  0.71056456456456463       -4.0350848139269799E-002
  0.71179179179179186       -4.0313809321086753E-002
  0.71301901901901910       -4.0276348324383315E-002
  0.71424624624624622       -4.0238466156745471E-002
  0.71547347347347345       -4.0200163825759180E-002
  0.71670070070070069       -4.0161442339010381E-002
  0.71792792792792792       -4.0122302704085074E-002
  0.71915515515515516       -4.0082745928569218E-002
  0.72038238238238239       -4.0042773020048772E-002
  0.72160960960960963       -4.0002384986109717E-002
  0.72283683683683686       -3.9961582834338011E-002
  0.72406406406406409       -3.9920367572319634E-002
  0.72529129129129133       -3.9878740207640540E-002
  0.72651851851851856       -3.9836701747886699E-002
  0.72774574574574580       -3.9794253200644072E-002
  0.72897297297297303       -3.9751395573498639E-002
  0.73020020020020027       -3.9708129874036366E-002
  0.73142742742742750       -3.9664457109843218E-002
  0.73265465465465474       -3.9620378288505162E-002
  0.73388188188188186       -3.9575894417608164E-002
  0.73510910910910909       -3.9531006504738189E-002
  0.73633633633633633       -3.9485715557481219E-002
  0.73756356356356356       -3.9440022583423211E-002
  0.73879079079079080       -3.9393928590150125E-002
  0.74001801801801803       -3.9347434585247934E-002
  0.74124524524524527       -3.9300541576302611E-002
  0.74247247247247250       -3.9253250570900115E-002
  0.74369969969969973       -3.9205562576626427E-002
  0.74492692692692697       -3.9157478601067504E-002
  0.74615415415415420       -3.9108999651809313E-002
  0.74738138138138144       -3.9060126736437828E-002
  0.74860860860860867       -3.9010860862539021E-002
  0.74983583583583591       -3.8961203037698844E-002
  0.75106306306306314       -3.8911154269503263E-002
  0.75229029029029026       -3.8860715565538266E-002
  0.75351751751751750       -3.8809887933389804E-002
  0.75474474474474473       -3.8758672380643851E-002
  0.75597197197197197       -3.8707069914886365E-002
  0.75719919919919920       -3.8655081543703333E-002
  0.75842642642642644       -3.8602708274680708E-002
  0.75965365365365367       -3.8549951115404456E-002
  0.76088088088088091       -3.8496811073460556E-002
  0.76210810810810814       -3.8443289156434968E-002
  0.76333533533533537       -3.8389386371913643E-002
  0.76456256256256261       -3.8335103727482576E-002
  0.76578978978978984       -3.8280442230727726E-002
  0.76701701701701708       -3.8225402889235066E-002
  0.76824424424424431       -3.8169986710590541E-002
  0.76947147147147155       -3.8114194702380151E-002
  0.77069869869869878       -3.8058027872189829E-002
  0.77192592592592590       -3.8001487227605574E-002
  0.77315315315315314       -3.7944573776213332E-002
  0.77438038038038037       -3.7887288525599076E-002
  0.77560760760760761       -3.7829632483348773E-002
  0.77683483483483484       -3.7771606657048401E-002
  0.77806206206206208       -3.7713212054283914E-002
  0.77928928928928931       -3.7654449682641290E-002
  0.78051651651651655       -3.7595320549706483E-002
  0.78174374374374378       -3.7535825663065472E-002
  0.78297097097097101       -3.7475966030304217E-002
  0.78419819819819825       -3.7415742659008697E-002
  0.78542542542542548       -3.7355156556764864E-002
  0.78665265265265272       -3.7294208731158698E-002
  0.78787987987987995       -3.7232900189776159E-002
  0.78910710710710719       -3.7171231940203213E-002
  0.79033433433433431       -3.7109204990025860E-002
  0.79156156156156154       -3.7046820346830017E-002
  0.79278878878878878       -3.6984079018201679E-002
  0.79401601601601601       -3.6920982011726805E-002
  0.79524324324324325       -3.6857530334991367E-002
  0.79647047047047048       -3.6793724995581339E-002
  0.79769769769769772       -3.6729567001082673E-002
  0.79892492492492495       -3.6665057359081349E-002
  0.80015215215215219       -3.6600197077163332E-002
  0.80137937937937942       -3.6534987162914583E-002
  0.80260660660660665       -3.6469428623921073E-002
  0.80383383383383389       -3.6403522467768776E-002
  0.80506106106106112       -3.6337269702043658E-002
  0.80628828828828836       -3.6270671334331671E-002
  0.80751551551551559       -3.6203728372218802E-002
  0.80874274274274283       -3.6136441823291003E-002
  0.80996996996996995       -3.6068812695134275E-002
  0.81119719719719718       -3.6000841995334536E-002
  0.81242442442442442       -3.5932530731477785E-002
  0.81365165165165165       -3.5863879911149976E-002
  0.81487887887887889       -3.5794890541937088E-002
  0.81610610610610612       -3.5725563631425081E-002
  0.81733333333333336       -3.5655900187199920E-002
  0.81856056056056059       -3.5585901216847585E-002
  0.81978778778778782       -3.5515567727954035E-002
  0.82101501501501506       -3.5444900728105230E-002
  0.82224224224224229       -3.5373901224887157E-002
  0.82346946946946953       -3.5302570225885760E-002
  0.82469669669669676       -3.5230908738687026E-002
  0.82592392392392400       -3.5158917770876923E-002
  0.82715115115115123       -3.5086598330041394E-002
  0.82837837837837835       -3.5013951423766440E-002
  0.82960560560560559       -3.4940978059638000E-002
  0.83083283283283282       -3.4867679245242061E-002
  0.83206006006006006       -3.4794055988164568E-002
  0.83328728728728729       -3.4720109295991515E-002
  0.83451451451451453       -3.4645840176308861E-002
  0.83574174174174176       -3.4571249636702564E-002
  0.83696896896896900       -3.4496338684758598E-002
  0.83819619619619623       -3.4421108328062923E-002
  0.83942342342342346       -3.4345559574201524E-002
  0.84065065065065070       -3.4269693430760355E-002
  0.84187787787787793       -3.4193510905325394E-002
  0.84310510510510517       -3.4117013005482595E-002
  0.84433233233233240       -3.4040200738817923E-002
  0.84555955955955964       -3.3963075112917372E-002
  0.84678678678678687       -3.3885637135366881E-002
  0.84801401401401399       -3.3807887813752435E-002
  0.84924124124124123       -3.3729828155659995E-002
  0.85046846846846846       -3.3651459168675520E-002
  0.85169569569569570       -3.3572781860384988E-002
  0.85292292292292293       -3.3493797238374368E-002
  0.85415015015015017       -3.3414506310229616E-002
  0.85537737737737740       -3.3334910083536715E-002
  0.85660460460460464       -3.3255009565881628E-002
  0.85783183183183187       -3.3174805764850310E-002
  0.85905905905905910       -3.3094299688028746E-002
  0.86028628628628634       -3.3013492343002888E-002
  0.86151351351351357       -3.2932384737358718E-002
  0.86274074074074081       -3.2850977878682193E-002
  0.86396796796796804       -3.2769272774559287E-002
  0.86519519519519528       -3.2687270432575959E-002
  0.86642242242242240       -3.2604971860318195E-002
  0.86764964964964963       -3.2522378065371942E-002
  0.86887687687687687       -3.2439490055323171E-002
  0.87010410410410410       -3.2356308837757856E-002
  0.87133133133133134       -3.2272835420261964E-002
  0.87255855855855857       -3.2189070810421452E-002
  0.87378578578578581       -3.2105016015822309E-002
  0.87501301301301304       -3.2020672044050479E-002
  0.87624024024024028       -3.1936039902691948E-002
  0.87746746746746751       -3.1851120599332670E-002
  0.87869469469469474       -3.1765915141558625E-002
  0.87992192192192198       -3.1680424536955770E-002
  0.88114914914914921       -3.1594649793110073E-002
  0.88237637637637645       -3.1508591917607513E-002
  0.88360360360360368       -3.1422251918034036E-002
  0.88483083083083092       -3.1335630801975628E-002
  0.88605805805805804       -3.1248729577018266E-002
  0.88728528528528527       -3.1161549250747891E-002
  0.88851251251251251       -3.1074090830750477E-002
  0.88973973973973974       -3.0986355324612004E-002
  0.89096696696696698       -3.0898343739918427E-002
  0.89219419419419421       -3.0810057084255726E-002
  0.89342142142142145       -3.0721496365209860E-002
  0.89464864864864868       -3.0632662590366788E-002
  0.89587587587587592       -3.0543556767312501E-002
  0.89710310310310315       -3.0454179903632944E-002
  0.89833033033033038       -3.0364533006914100E-002
  0.89955755755755762       -3.0274617084741925E-002
  0.90078478478478485       -3.0184433144702389E-002
  0.90201201201201209       -3.0093982194381464E-002
  0.90323923923923932       -3.0003265241365113E-002
  0.90446646646646645       -2.9912283293239323E-002
  0.90569369369369368       -2.9821037357590032E-002
  0.90692092092092091       -2.9729528442003220E-002
  0.90814814814814815       -2.9637757554064854E-002
  0.90937537537537538       -2.9545725701360895E-002
  0.91060260260260262       -2.9453433891477327E-002
  0.91182982982982985       -2.9360883132000110E-002
  0.91305705705705709       -2.9268074430515201E-002
  0.91428428428428432       -2.9175008794608579E-002
  0.91551151151151156       -2.9081687231866212E-002
  0.91673873873873879       -2.8988110749874063E-002
  0.91796596596596602       -2.8894280356218091E-002
  0.91919319319319326       -2.8800197058484286E-002
  0.92042042042042049       -2.8705861864258594E-002
  0.92164764764764773       -2.8611275781127002E-002
  0.92287487487487496       -2.8516439816675457E-002
  0.92410210210210209       -2.8421354978489945E-002
  0.92532932932932932       -2.8326022274156419E-002
  0.92655655655655655       -2.8230442711260850E-002
  0.92778378378378379       -2.8134617297389215E-002
  0.92901101101101102       -2.8038547040127471E-002
  0.93023823823823826       -2.7942232947061590E-002
  0.93146546546546549       -2.7845676025777536E-002
  0.93269269269269273       -2.7748877283861276E-002
  0.93391991991991996       -2.7651837728898780E-002
  0.93514714714714720       -2.7554558368476020E-002
  0.93637437437437443       -2.7457040210178956E-002
  0.93760160160160166       -2.7359284261593557E-002
  0.93882882882882890       -2.7261291530305803E-002
  0.94005605605605613       -2.7163063023901639E-002
  0.94128328328328337       -2.7064599749967048E-002
  0.94251051051051049       -2.6965902716088001E-002
  0.94373773773773773       -2.6866972929850453E-002
  0.94496496496496496       -2.6767811398840383E-002
  0.94619219219219219       -2.6668419130643745E-002
  0.94741941941941943       -2.6568797132846513E-002
  0.94864664664664666       -2.6468946413034655E-002
  0.94987387387387390       -2.6368867978794140E-002
  0.95110110110110113       -2.6268562837710934E-002
  0.95232832832832837       -2.6168031997371010E-002
  0.95355555555555560       -2.6067276465360330E-002
  0.95478278278278284       -2.5966297249264855E-002
  0.95601001001001007       -2.5865095356670569E-002
  0.95723723723723730       -2.5763671795163420E-002
  0.95846446446446454       -2.5662027572329389E-002
  0.95969169169169177       -2.5560163695754444E-002
  0.96091891891891901       -2.5458081173024547E-002
  0.96214614614614613       -2.5355781011725670E-002
  0.96337337337337337       -2.5253264219443777E-002
  0.96460060060060060       -2.5150531803764833E-002
  0.96582782782782783       -2.5047584772274808E-002
  0.96705505505505507       -2.4944424132559668E-002
  0.96828228228228230       -2.4841050892205389E-002
  0.96950950950950954       -2.4737466058797928E-002
  0.97073673673673677       -2.4633670639923260E-002
  0.97196396396396401       -2.4529665643167348E-002
  0.97319119119119124       -2.4425452076116155E-002
  0.97441841841841847       -2.4321030946355657E-002
  0.97564564564564571       -2.4216403261471824E-002
  0.97687287287287294       -2.4111570029050615E-002
  0.97810010010010018       -2.4006532256677999E-002
  0.97932732732732741       -2.3901290951939949E-002
  0.98055455455455465       -2.3795847122422425E-002
  0.98178178178178177       -2.3690201775711413E-002
  0.98300900900900900       -2.3584355919392851E-002
  0.98423623623623624       -2.3478310561052720E-002
  0.98546346346346347       -2.3372066708276993E-002
  0.98669069069069071       -2.3265625368651628E-002
  0.98791791791791794       -2.3158987549762613E-002
  0.98914514514514518       -2.3052154259195885E-002
  0.99037237237237241       -2.2945126504537432E-002
  0.99159959959959965       -2.2837905293373217E-002
  0.99282682682682688       -2.2730491633289204E-002
  0.99405405405405411       -2.2622886531871365E-002
  0.99528128128128135       -2.2515090996705664E-002
  0.99650850850850858       -2.2407106035378075E-002
  0.99773573573573582       -2.2298932655474557E-002
  0.99896296296296305       -2.2190571864581086E-002
   1.0001901901901902       -2.2082024670283633E-002
   1.0014174174174175       -2.1973292080168134E-002
   1.0026446446446446       -2.1864375101820606E-002
   1.0038718718718720       -2.1755274742826965E-002
   1.0050990990990991       -2.1645992010773225E-002
   1.0063263263263265       -2.1536527913245319E-002
   1.0075535535535536       -2.1426883457829241E-002
   1.0087807807807809       -2.1317059652110927E-002
   1.0100080080080081       -2.1207057503676390E-002
   1.0112352352352352       -2.1096878020111558E-002
   1.0124624624624625       -2.0986522209002403E-002
   1.0136896896896896       -2.0875991077934915E-002
   1.0149169169169170       -2.0765285634495027E-002
   1.0161441441441441       -2.0654406886268746E-002
   1.0173713713713715       -2.0543355840842006E-002
   1.0185985985985986       -2.0432133505800802E-002
   1.0198258258258259       -2.0320740888731068E-002
   1.0210530530530531       -2.0209178997218816E-002
   1.0222802802802804       -2.0097448838849969E-002
   1.0235075075075075       -1.9985551421210532E-002
   1.0247347347347349       -1.9873487751886441E-002
   1.0259619619619620       -1.9761258838463691E-002
   1.0271891891891893       -1.9648865688528219E-002
   1.0284164164164165       -1.9536309309666031E-002
   1.0296436436436436       -1.9423590709463073E-002
   1.0308708708708709       -1.9310710895505293E-002
   1.0320980980980980       -1.9197670875378697E-002
   1.0333253253253254       -1.9084471656669214E-002
   1.0345525525525525       -1.8971114246962850E-002
   1.0357797797797799       -1.8857599653845532E-002
   1.0370070070070070       -1.8743928884903279E-002
   1.0382342342342343       -1.8630102947722004E-002
   1.0394614614614615       -1.8516122849887715E-002
   1.0406886886886888       -1.8401989598986351E-002
   1.0419159159159159       -1.8287704202603908E-002
   1.0431431431431433       -1.8173267668326318E-002
   1.0443703703703704       -1.8058681003739589E-002
   1.0455975975975977       -1.7943945216429648E-002
   1.0468248248248249       -1.7829061313982503E-002
   1.0480520520520520       -1.7714030303984104E-002
   1.0492792792792793       -1.7598853194020388E-002
   1.0505065065065065       -1.7483530991677380E-002
   1.0517337337337338       -1.7368064704540991E-002
   1.0529609609609609       -1.7252455340197235E-002
   1.0541881881881883       -1.7136703906232040E-002
   1.0554154154154154       -1.7020811410231415E-002
   1.0566426426426427       -1.6904778859781283E-002
   1.0578698698698699       -1.6788607262467659E-002
   1.0590970970970972       -1.6672297625876461E-002
   1.0603243243243243       -1.6555850957593706E-002
   1.0615515515515517       -1.6439268265205313E-002
   1.0627787787787788       -1.6322550556297295E-002
   1.0640060060060061       -1.6205698838455577E-002
   1.0652332332332333       -1.6088714119266167E-002
   1.0664604604604604       -1.5971597406315013E-002
   1.0676876876876877       -1.5854349707188058E-002
   1.0689149149149149       -1.5736972029471323E-002
   1.0701421421421422       -1.5619465380750716E-002
   1.0713693693693693       -1.5501830768612260E-002
   1.0725965965965967       -1.5384069200641878E-002
   1.0738238238238238       -1.5266181684425575E-002
   1.0750510510510511       -1.5148169227549281E-002
   1.0762782782782783       -1.5030032837599005E-002
   1.0775055055055056       -1.4911773522160672E-002
   1.0787327327327327       -1.4793392288820286E-002
   1.0799599599599601       -1.4674890145163780E-002
   1.0811871871871872       -1.4556268098777161E-002
   1.0824144144144145       -1.4437527157246353E-002
   1.0836416416416417       -1.4318668328157372E-002
   1.0848688688688690       -1.4199692619096134E-002
   1.0860960960960961       -1.4080601037648653E-002
   1.0873233233233233       -1.3961394591400878E-002
   1.0885505505505506       -1.3842074287938750E-002
   1.0897777777777777       -1.3722641134848283E-002
   1.0910050050050051       -1.3603096139715401E-002
   1.0922322322322322       -1.3483440310126112E-002
   1.0934594594594595       -1.3363674653666346E-002
   1.0946866866866867       -1.3243800177922106E-002
   1.0959139139139140       -1.3123817890479327E-002
   1.0971411411411411       -1.3003728798924006E-002
   1.0983683683683685       -1.2883533910842078E-002
   1.0995955955955956       -1.2763234233819547E-002
   1.1008228228228230       -1.2642830775442346E-002
   1.1020500500500501       -1.2522324543296479E-002
   1.1032772772772774       -1.2401716544967868E-002
   1.1045045045045045       -1.2281007788042529E-002
   1.1057317317317317       -1.2160199280106407E-002
   1.1069589589589590       -1.2039292028745449E-002
   1.1081861861861861       -1.1918287041545661E-002
   1.1094134134134135       -1.1797185326092967E-002
   1.1106406406406406       -1.1675987889973384E-002
   1.1118678678678680       -1.1554695740772836E-002
   1.1130950950950951       -1.1433309886077327E-002
   1.1143223223223224       -1.1311831333472787E-002
   1.1155495495495495       -1.1190261090545226E-002
   1.1167767767767769       -1.1068600164880564E-002
   1.1180040040040040       -1.0946849564064817E-002
   1.1192312312312314       -1.0825010295683906E-002
   1.1204584584584585       -1.0703083367323847E-002
   1.1216856856856858       -1.0581069786570554E-002
   1.1229129129129130       -1.0458970561010044E-002
   1.1241401401401401       -1.0336786698228269E-002
   1.1253673673673674       -1.0214519205811165E-002
   1.1265945945945945       -1.0092169091344748E-002
   1.1278218218218219       -9.9697373624149394E-003
   1.1290490490490490       -9.8472250266077518E-003
   1.1302762762762764       -9.7246330915091075E-003
   1.1315035035035035       -9.6019625647050227E-003
   1.1327307307307308       -9.4792144537814132E-003
   1.1339579579579580       -9.3563897663242988E-003
   1.1351851851851853       -9.2334895099195936E-003
   1.1364124124124124       -9.1105146921533191E-003
   1.1376396396396398       -8.9874663206113946E-003
   1.1388668668668669       -8.8643454028798259E-003
   1.1400940940940942       -8.7411529465445462E-003
   1.1413213213213214       -8.6178899591915631E-003
   1.1425485485485485       -8.4945574484068184E-003
   1.1437757757757758       -8.3711564217762626E-003
   1.1450030030030030       -8.2476878868859051E-003
   1.1462302302302303       -8.1241528513216685E-003
   1.1474574574574574       -8.0005523226695675E-003
   1.1486846846846848       -7.8768873085155247E-003
   1.1499119119119119       -7.7531588164455470E-003
   1.1511391391391392       -7.6293678540455623E-003
   1.1523663663663664       -7.5055154289015826E-003
   1.1535935935935937       -7.3816025485995296E-003
   1.1548208208208208       -7.2576302207254173E-003
   1.1560480480480482       -7.1335994528651638E-003
   1.1572752752752753       -7.0095112526047847E-003
   1.1585025025025026       -6.8853666275302044E-003
   1.1597297297297298       -6.7611665852274315E-003
   1.1609569569569571       -6.6369121332823912E-003
   1.1621841841841842       -6.5126042792810956E-003
   1.1634114114114114       -6.3882440308094890E-003
   1.1646386386386387       -6.2638323954535176E-003
   1.1658658658658658       -6.1393703807991924E-003
   1.1670930930930932       -6.0148589944324362E-003
   1.1683203203203203       -5.8902992439392610E-003
   1.1695475475475476       -5.7656921369055912E-003
   1.1707747747747748       -5.6410386809174389E-003
   1.1720020020020021       -5.5163398835607258E-003
   1.1732292292292292       -5.3915967524214630E-003
   1.1744564564564566       -5.2668102950855769E-003
   1.1756836836836837       -5.1419815191390758E-003
   1.1769109109109110       -5.0171114321678851E-003
   1.1781381381381382       -4.8922010417580160E-003
   1.1793653653653655       -4.7672513554953911E-003
   1.1805925925925926       -4.6422633809660241E-003
   1.1818198198198198       -4.5172381257558587E-003
   1.1830470470470471       -4.3921765974508399E-003
   1.1842742742742742       -4.2670798036369816E-003
   1.1855015015015016       -4.1419487519002048E-003
   1.1867287287287287       -4.0167844498265222E-003
   1.1879559559559560       -3.8915879050018570E-003
   1.1891831831831832       -3.7663601250122218E-003
   1.1904104104104105       -3.6411021174435378E-003
   1.1916376376376376       -3.5158148898818188E-003
   1.1928648648648650       -3.3904994499129875E-003
   1.1940920920920921       -3.2651568051230546E-003
   1.1953193193193195       -3.1397879630979449E-003
   1.1965465465465466       -3.0143939314236702E-003
   1.1977737737737739       -2.8889757176861521E-003
   1.1990010010010010       -2.7635343294714035E-003
   1.2002282282282282       -2.6380707743653693E-003
   1.2014554554554555       -2.5125860599539956E-003
   1.2026826826826826       -2.3870811938232939E-003
   1.2039099099099100       -2.2615571835591869E-003
   1.2051371371371371       -2.1360150367476871E-003
   1.2063643643643644       -2.0104557609747172E-003
   1.2075915915915916       -1.8848803638262896E-003
   1.2088188188188189       -1.7592898528883266E-003
   1.2100460460460460       -1.6336852357468411E-003
   1.2112732732732734       -1.5080675199877550E-003
   1.2125005005005005       -1.3824377131970819E-003
   1.2137277277277279       -1.2567968229607433E-003
   1.2149549549549550       -1.1311458568647520E-003
   1.2161821821821823       -1.0054858224950306E-003
   1.2174094094094094       -8.7981772743759169E-004
   1.2186366366366366       -7.5414257927838033E-004
   1.2198638638638639       -6.2846138560334122E-004
   1.2210910910910910       -5.0277515399848715E-004
   1.2223183183183184       -3.7708489204974020E-004
   1.2235455455455455       -2.5139160734311358E-004
   1.2247727727727729       -1.2569630746452919E-004
   1.2260000000000000       -0.0000000000000000     
